-,-,-
-912, 155, 169
-935, 144, 245
-964, 95, 484
-939, 102, 436
-921, 148, 270
-938, 159, 315
-946, 162, 350
-946, 162, 350
-965, 178, 411
-917, 173, 269
-914, 163, 246
-924, 162, 314
-926, 150, 403
-923, 156, 399
-910, 155, 318
-910, 155, 318
-896, 131, 270
-873, 80, 281
-849, 27, 299
-803, -31, 183
-775, -117, 111
-765, -197, 140
-722, -264, 140
-722, -264, 140
-635, -356, 83
-575, -457, 124
-597, -493, 150
-557, -538, 166
-480, -615, 329
-466, -503, 506
-454, -297, 518
-473, -130, 690
-512, 238, 798
-563, 746, 1025
-701, 1402, 1290
-723, 1692, 1296
-664, 1724, 1214
-664, 1724, 1192
-556, 1702, 1192
-466, 1770, 1229
-347, 1823, 1123
-217, 1749, 983
-140, 1565, 882
-122, 1389, 870
-82, 1255, 769
-76, 1055, 814
-122, 872, 828
-161, 580, 791
-247, 182, 828
-434, -222, 930
-611, -539, 947
-611, -539, 947
-691, -1117, 1076
-771, -1693, 1175
-859, -1870, 1172
-962, -1513, 1105
-1035, -693, 992
-1035, -693, 992
-,-,-
-806, -112, 382
-664, -162, -130
-680, -366, 83
-649, -551, 487
-536, -667, 350
-433, -729, 170
-425, -734, 263
-444, -589, 578
-423, -269, 692
-392, 37, 650
-382, 148, 708
-382, 148, 708
-388, 334, 923
-458, 849, 1070
-454, 1155, 1066
-467, 1378, 1053
-478, 1546, 1017
-456, 1632, 1086
-447, 1785, 1161
-324, 1834, 979
-207, 1737, 880
-148, 1505, 759
-148, 1370, 583
-138, 1271, 540
-105, 1094, 581
-212, 955, 671
-212, 955, 671
-302, 797, 715
-346, 522, 830
-386, 150, 1040
-503, 17, 1101
-581, -97, 1100
-608, -515, 1109
-689, -976, 1074
-785, -1119, 1031
-820, -975, 1013
-858, -683, 984
-898, -409, 962
-902, -245, 979
-917, -56, 946
-917, -56, 946
-,-,-
-733, 56, 145
-733, 56, 145
-828, -89, 359
-835, -183, 583
-735, -279, 413
-632, -373, 270
-615, -350, 504
-541, -295, 623
-401, -307, 380
-357, -341, 331
-366, -344, 429
-402, -165, 588
-402, -165, 588
-389, -70, 549
-445, -24, 567
-570, 185, 821
-628, 511, 987
-538, 655, 957
-459, 763, 920
-464, 966, 998
-497, 1321, 1048
-497, 1702, 1112
-497, 1702, 1112
-434, 1969, 988
-363, 1996, 955
-313, 1990, 937
-214, 1820, 710
-127, 1512, 667
-106, 1301, 645
-102, 1077, 635
-75, 794, 672
-104, 494, 841
-187, 329, 871
-262, 133, 866
-262, 133, 866
-343, -47, 957
-426, -310, 1143
-470, -595, 1047
-582, -788, 1103
-615, -1198, 1235
-693, -1171, 1292
-754, -998, 1271
-786, -792, 1177
-,-,-
-874, 186, 343
-870, 155, 356
-818, 13, 359
-818, 13, 359
-829, -97, 471
-742, -359, 495
-595, -614, 499
-527, -658, 563
-528, -503, 611
-490, -379, 498
-458, -350, 455
-437, -299, 475
-446, -33, 492
-446, -33, 492
-443, 154, 433
-482, 200, 549
-522, 245, 643
-529, 393, 715
-515, 592, 867
-525, 873, 976
-526, 1196, 917
-526, 1196, 917
-558, 1472, 1027
-576, 1755, 1081
-489, 1815, 972
-390, 1832, 971
-284, 1827, 801
-233, 1714, 649
-202, 1401, 579
-142, 1055, 621
-98, 788, 756
-122, 616, 798
-169, 450, 878
-169, 450, 878
-230, 268, 991
-291, 24, 1032
-333, -326, 1143
-390, -528, 1211
-541, -628, 1221
-630, -887, 1186
-655, -1164, 1305
-689, -1135, 1320
-716, -961, 1274
-772, -706, 1214
-837, -449, 1256
-843, -301, 1186
-,-,-
-862, -45, 596
-801, -183, 558
-801, -183, 558
-618, -350, 272
-530, -623, 356
-509, -765, 574
-469, -686, 466
-393, -574, 339
-366, -498, 379
-375, -324, 459
-378, -151, 583
-396, -17, 640
-494, 284, 714
-560, 634, 843
-560, 634, 843
-624, 927, 1084
-666, 1163, 1066
-638, 1209, 900
-615, 1323, 906
-589, 1543, 932
-513, 1602, 837
-378, 1525, 722
-271, 1397, 677
-272, 1387, 634
-258, 1429, 526
-182, 1296, 450
-186, 1084, 533
-226, 943, 626
-226, 943, 626
-215, 750, 721
-209, 558, 739
-230, 314, 791
-354, 80, 981
-448, -129, 1007
-431, -459, 1149
-472, -721, 1324
-546, -871, 1228
-600, -931, 1087
-646, -918, 1134
-682, -820, 1190
-695, -675, 1207
-728, -520, 1173
-767, -411, 1218
-,-,-
-677, 92, 311
-697, 3, 404
-697, 3, 404
-685, -94, 360
-691, -178, 448
-665, -290, 499
-620, -409, 603
-573, -392, 510
-535, -329, 409
-536, -311, 377
-531, -362, 504
-531, -362, 518
-479, -221, 518
-435, -53, 468
-460, -90, 534
-509, -70, 743
-556, 212, 787
-500, 359, 751
-447, 390, 758
-503, 580, 981
-503, 580, 981
-561, 1012, 1057
-548, 1223, 956
-501, 1253, 904
-488, 1417, 926
-501, 1670, 1076
-430, 1822, 911
-341, 1766, 729
-274, 1538, 673
-202, 1357, 586
-184, 1208, 648
-171, 1072, 652
-190, 891, 734
-179, 690, 767
-179, 690, 767
-195, 484, 838
-249, 259, 853
-301, -55, 979
-317, -513, 1190
-374, -684, 1270
-430, -730, 1201
-503, -901, 1176
-576, -986, 1157
-602, -844, 1136
-646, -620, 1240
-673, -391, 1318
-633, -263, 1165
-,-,-
-749, 44, 408
-655, -51, 371
-672, -193, 372
-633, -251, 347
-579, -369, 423
-562, -463, 477
-562, -463, 477
-556, -547, 545
-519, -630, 515
-488, -549, 347
-501, -379, 273
-514, -327, 341
-535, -261, 456
-593, -80, 625
-610, 144, 601
-593, 295, 576
-577, 319, 716
-577, 319, 716
-601, 479, 960
-696, 1016, 1003
-719, 1365, 915
-644, 1347, 756
-604, 1200, 933
-561, 1230, 979
-542, 1449, 911
-512, 1517, 881
-463, 1477, 840
-443, 1400, 766
-431, 1229, 688
-396, 1089, 705
-396, 1089, 705
-355, 1031, 710
-382, 887, 826
-360, 690, 819
-287, 453, 816
-209, 285, 902
-161, -141, 993
-236, -591, 966
-342, -779, 836
-452, -808, 940
-504, -927, 1052
-492, -978, 1109
-492, -978, 1109
-518, -925, 1189
-611, -718, 1277
-685, -549, 1284
-,-,-
-722, 109, 300
-743, 101, 426
-765, 26, 402
-694, -184, 268
-671, -376, 276
-659, -528, 460
-616, -592, 629
-542, -521, 530
-542, -521, 530
-485, -501, 473
-519, -362, 509
-539, -137, 590
-489, -85, 615
-458, -105, 649
-443, 8, 744
-470, 274, 879
-563, 566, 842
-563, 566, 842
-630, 642, 873
-635, 725, 790
-599, 848, 826
-588, 1011, 960
-624, 1197, 966
-620, 1167, 902
-576, 1189, 845
-570, 1402, 834
-564, 1549, 889
-521, 1562, 906
-521, 1562, 906
-404, 1421, 731
-305, 1218, 699
-239, 1146, 645
-241, 1033, 684
-280, 928, 757
-288, 805, 749
-258, 501, 829
-245, 138, 898
-355, -138, 936
-416, -347, 928
-416, -347, 928
-451, -540, 1112
-423, -1016, 1283
-461, -1226, 1278
-565, -1058, 1190
-656, -873, 1221
-734, -727, 1225
-,-,-
-629, 171, -104
-675, 59, 357
-675, 59, 357
-631, -62, 466
-543, -135, 293
-570, -225, 440
-659, -331, 848
-649, -419, 773
-602, -361, 553
-595, -338, 590
-611, -260, 576
-596, -247, 600
-564, -188, 538
-545, -119, 458
-545, -119, 458
-588, 47, 611
-604, 226, 686
-558, 270, 727
-571, 350, 789
-573, 448, 751
-547, 498, 767
-569, 696, 891
-569, 696, 891
-655, 890, 1016
-651, 947, 1042
-586, 1007, 952
-551, 1185, 982
-550, 1367, 1056
-504, 1355, 992
-421, 1299, 841
-361, 1300, 760
-303, 1269, 680
-283, 1211, 654
-254, 1061, 659
-220, 926, 744
-220, 926, 744
-181, 754, 806
-204, 541, 856
-282, 256, 1023
-293, 26, 1007
-272, -208, 1060
-368, -530, 1234
-463, -786, 1239
-508, -874, 1246
-541, -851, 1267
-592, -751, 1244
-616, -610, 1081
-683, -439, 1057
-,-,-
-568, 192, 183
-558, 186, 286
-632, 151, 368
-616, -7, 516
-616, -7, 516
-633, -106, 547
-665, -103, 448
-702, -122, 490
-701, -154, 525
-663, -125, 508
-564, -161, 469
-486, -306, 478
-471, -449, 539
-493, -308, 419
-447, -254, 380
-461, -180, 512
-521, -36, 673
-521, -36, 673
-608, 115, 713
-641, 199, 630
-597, 243, 615
-556, 328, 865
-598, 703, 975
-596, 953, 877
-575, 1030, 903
-575, 1030, 903
-579, 1242, 1045
-603, 1551, 1105
-580, 1717, 1072
-509, 1673, 1040
-393, 1560, 895
-293, 1411, 726
-267, 1205, 670
-241, 959, 665
-236, 835, 731
-232, 749, 798
-267, 648, 824
-255, 471, 835
-255, 471, 835
-196, 139, 904
-177, -124, 950
-219, -268, 989
-346, -325, 1036
-434, -455, 1072
-479, -668, 1181
-503, -774, 1185
-520, -800, 1134
-579, -745, 1116
-631, -678, 1117
-649, -590, 1113
-639, -517, 1050
-,-,-
-575, 173, 108
-576, 59, 221
-580, -90, 381
-568, -88, 276
-599, -121, 241
-666, -183, 485
-675, -302, 563
-633, -433, 497
-633, -433, 497
-620, -500, 512
-637, -425, 582
-579, -346, 591
-501, -308, 590
-468, -288, 571
-504, -243, 616
-531, -82, 663
-500, 44, 650
-452, 42, 687
-452, 42, 687
-459, 116, 836
-573, 565, 930
-602, 816, 909
-572, 924, 941
-565, 1069, 1052
-561, 1359, 1116
-569, 1608, 1079
-509, 1586, 1059
-469, 1571, 996
-414, 1516, 930
-309, 1377, 814
-309, 1377, 814
-201, 1211, 671
-167, 1030, 666
-152, 817, 642
-205, 570, 625
-271, 429, 796
-297, 392, 971
-324, 230, 1002
-364, -84, 1097
-335, -430, 1292
-340, -686, 1464
-381, -901, 1383
-413, -1082, 1160
-450, -1155, 1141
-503, -1001, 1171
-559, -738, 1121
-583, -586, 1093
-659, -433, 1136
-,-,-
-700, 110, 339
-700, 110, 339
-750, 180, 352
-684, 66, 459
-672, 67, 427
-684, 51, 357
-703, 49, 312
-703, 49, 312
-747, 47, 411
-738, 119, 313
-706, 114, 235
-748, 92, 319
-755, 20, 297
-709, -117, 266
-709, -117, 266
-659, -269, 212
-686, -357, 179
-684, -538, 225
-636, -754, 456
-597, -673, 389
-536, -546, 379
-526, -416, 611
-522, -160, 770
-471, 111, 772
-385, 276, 689
-331, 335, 752
-331, 335, 752
-387, 638, 869
-498, 1150, 929
-556, 1430, 923
-564, 1432, 954
-539, 1356, 932
-579, 1493, 1019
-599, 1559, 1103
-555, 1572, 1043
-439, 1469, 935
-374, 1300, 887
-366, 1167, 895
-360, 1052, 937
-291, 892, 937
-291, 892, 937
-227, 642, 867
-239, 325, 900
-214, -97, 975
-155, -515, 897
-193, -910, 946
-358, -1089, 1138
-508, -1048, 1177
-594, -935, 1106
-665, -762, 1098
-735, -594, 1087
-784, -445, 1078
-794, -388, 1090
-,-,-
-807, 229, 253
-891, 120, 698
-833, 127, 478
-833, 127, 478
-769, -10, 242
-770, -185, 424
-773, -287, 579
-689, -361, 529
-624, -357, 443
-631, -306, 485
-605, -311, 523
-531, -340, 511
-490, -282, 497
-429, -245, 364
-460, -252, 547
-531, -76, 627
-531, -76, 627
-546, 53, 601
-591, 150, 727
-588, 246, 869
-563, 456, 957
-535, 718, 1053
-550, 887, 1049
-534, 1022, 953
-534, 1022, 953
-552, 1231, 954
-562, 1486, 984
-541, 1610, 1001
-509, 1599, 1014
-436, 1556, 932
-312, 1397, 818
-246, 1245, 790
-249, 1184, 765
-240, 1027, 735
-195, 809, 820
-137, 547, 981
-109, 108, 892
-109, 108, 892
-183, -226, 844
-337, -171, 909
-410, -230, 1045
-379, -644, 1028
-369, -900, 1086
-425, -938, 1141
-521, -833, 1168
-588, -841, 1173
-605, -783, 1047
-593, -719, 985
-596, -600, 1032
-642, -423, 1024
-,-,-
-629, 145, 159
-629, 145, 159
-667, 96, 436
-585, 87, 210
-562, -154, 110
-688, -253, 406
-734, -375, 595
-652, -492, 540
-593, -524, 610
-605, -538, 761
-613, -480, 794
-613, -480, 794
-599, -353, 770
-573, -118, 681
-571, 65, 648
-582, 201, 584
-531, 227, 571
-483, 296, 665
-526, 561, 691
-571, 836, 727
-571, 836, 727
-546, 917, 753
-492, 935, 849
-479, 1047, 898
-545, 1357, 856
-567, 1542, 853
-512, 1561, 860
-439, 1478, 872
-391, 1430, 846
-301, 1294, 755
-301, 1195, 714
-301, 1195, 714
-296, 1054, 746
-257, 790, 794
-255, 499, 838
-279, 146, 857
-290, -178, 889
-375, -327, 961
-451, -546, 1006
-508, -761, 1128
-565, -714, 1208
-624, -576, 1231
-699, -503, 1176
-706, -510, 1179
-663, -519, 1078
-626, -513, 994
-616, -414, 1013
-,-,-
-775, 249, 217
-901, 219, 464
-901, 219, 464
-858, 121, 482
-765, -25, 391
-720, -81, 293
-730, -116, 341
-720, -299, 526
-662, -309, 453
-562, -352, 298
-538, -384, 390
-537, -395, 435
-537, -395, 435
-502, -445, 422
-460, -413, 385
-418, -424, 558
-477, -231, 832
-619, 220, 865
-676, 399, 815
-647, 342, 908
-620, 494, 1038
-638, 1005, 1001
-590, 1177, 959
-545, 1126, 950
-545, 1126, 950
-549, 1191, 992
-547, 1379, 979
-535, 1503, 941
-527, 1513, 963
-475, 1436, 866
-419, 1255, 780
-381, 1112, 776
-329, 968, 801
-253, 798, 739
-242, 579, 757
-293, 341, 783
-293, 341, 783
-359, 154, 815
-346, -87, 934
-427, -224, 1069
-540, -390, 1011
-585, -676, 951
-591, -832, 928
-580, -983, 1118
-603, -863, 1090
-641, -680, 959
-639, -609, 947
-657, -431, 905
-679, -177, 810
-691, -26, 808
-,-,-
-706, 271, 29
-681, 160, 88
-739, 42, 452
-698, 40, 257
-718, -72, 252
-741, -202, 298
-741, -202, 298
-759, -330, 500
-670, -475, 516
-566, -559, 439
-555, -639, 508
-522, -692, 550
-451, -603, 534
-437, -307, 470
-507, -79, 467
-553, -105, 635
-528, -48, 684
-496, 252, 665
-496, 252, 665
-556, 597, 830
-653, 932, 970
-627, 1105, 988
-544, 1140, 1040
-568, 1313, 1163
-606, 1467, 1121
-579, 1571, 1031
-504, 1606, 1010
-442, 1647, 1023
-371, 1533, 996
-264, 1282, 790
-153, 1084, 690
-103, 1017, 691
-116, 887, 697
-116, 887, 697
-188, 776, 732
-208, 665, 767
-166, 470, 862
-184, 176, 921
-252, -109, 907
-323, -426, 879
-376, -761, 1089
-393, -1198, 1330
-430, -1375, 1336
-500, -1256, 1187
-561, -1014, 1103
-595, -791, 1097
-635, -478, 1020
-678, -173, 963
-701, 12, 1014
-,-,-
-750, 124, 349
-778, 193, 264
-844, 184, 335
-835, 68, 569
-797, -28, 601
-790, -14, 491
-775, 6, 316
-775, 6, 316
-764, -35, 395
-719, -121, 533
-625, -165, 379
-546, -256, 256
-489, -475, 238
-483, -601, 266
-505, -575, 231
-505, -575, 231
-517, -508, 323
-499, -488, 474
-530, -382, 720
-537, -190, 693
-539, 130, 655
-531, 422, 917
-510, 777, 1123
-481, 1204, 1054
-462, 1424, 1008
-426, 1500, 1027
-395, 1587, 1033
-327, 1736, 869
-289, 1799, 815
-288, 1638, 803
-284, 1418, 708
-284, 1418, 708
-231, 1283, 774
-170, 1089, 917
-203, 873, 1059
-236, 710, 1030
-229, 444, 1093
-271, 20, 1130
-328, -483, 1123
-352, -950, 1133
-325, -1393, 1106
-319, -1490, 1071
-407, -1232, 1155
-526, -829, 1146
-626, -505, 1089
-721, -232, 1123
-765, 16, 1150
-820, 167, 1205
-,-,-
-890, 286, 316
-890, 286, 316
-898, 231, 373
-854, 86, 491
-822, -46, 530
-758, -68, 364
-719, -200, 369
-670, -387, 561
-612, -492, 604
-580, -474, 423
-580, -474, 423
-544, -579, 477
-482, -641, 488
-469, -541, 515
-506, -315, 467
-507, -161, 445
-501, -7, 637
-516, 297, 785
-539, 696, 800
-529, 885, 857
-529, 885, 857
-524, 1089, 1011
-533, 1442, 1063
-464, 1658, 946
-374, 1614, 931
-384, 1677, 955
-416, 1864, 783
-349, 1865, 650
-204, 1562, 662
-97, 1234, 609
-101, 1023, 652
-157, 888, 749
-196, 643, 837
-196, 643, 837
-163, 243, 975
-108, -304, 1160
-128, -741, 1209
-219, -1075, 1231
-312, -1254, 1288
-404, -1172, 1316
-462, -999, 1312
-563, -692, 1243
-683, -373, 1163
-,-,-
-590, 108, 75
-644, 210, 141
-739, 186, 367
-750, 89, 373
-761, 91, 449
-761, 91, 449
-750, 6, 409
-816, -13, 508
-824, -73, 606
-733, -173, 537
-606, -367, 442
-534, -556, 414
-484, -608, 424
-484, -608, 424
-404, -547, 370
-316, -499, 307
-326, -498, 472
-415, -290, 629
-411, -62, 580
-324, -32, 757
-329, 156, 914
-459, 591, 1112
-532, 992, 1229
-562, 1291, 1294
-586, 1547, 1265
-617, 1729, 1249
-620, 1895, 1249
-543, 1975, 1122
-342, 1678, 887
-342, 1678, 887
-218, 1394, 775
-140, 1238, 653
-102, 1146, 600
-123, 999, 585
-113, 758, 659
-78, 505, 754
-134, 216, 891
-229, -67, 927
-229, -67, 927
-304, -414, 1096
-308, -751, 1407
-337, -1101, 1582
-417, -1211, 1443
-506, -1172, 1232
-593, -1026, 1126
-609, -838, 1051
-651, -566, 1038
-638, -380, 960
-657, -238, 977
-,-,-
-787, 199, 278
-884, 168, 672
-846, 145, 637
-846, 145, 637
-712, 28, 409
-689, -167, 455
-745, -209, 596
-758, -266, 632
-695, -224, 481
-646, -244, 479
-611, -299, 588
-546, -362, 596
-463, -421, 412
-438, -462, 338
-418, -421, 303
-418, -421, 303
-426, -374, 412
-433, -332, 531
-485, -87, 656
-536, 208, 783
-524, 400, 761
-492, 528, 879
-523, 942, 1061
-541, 1458, 1118
-505, 1615, 1126
-462, 1562, 1126
-441, 1761, 991
-381, 1864, 837
-381, 1864, 837
-315, 1767, 736
-200, 1386, 645
-137, 1117, 600
-48, 995, 471
-26, 854, 457
-109, 712, 680
-149, 567, 931
-77, 424, 1001
-77, 424, 1001
-78, 246, 1164
-161, 90, 1288
-294, -44, 1412
-259, -311, 1377
-199, -692, 1410
-198, -919, 1265
-258, -982, 1082
-333, -1060, 1068
-359, -1196, 1056
-385, -1125, 1054
-396, -957, 1096
-421, -736, 1106
-461, -589, 1116
-550, -419, 1215
-,-,-
-735, 115, 191
-821, 76, 496
-801, 48, 495
-801, 48, 495
-730, -70, 405
-678, -198, 369
-681, -307, 523
-610, -475, 627
-488, -527, 546
-418, -561, 483
-399, -545, 548
-355, -505, 637
-358, -297, 615
-446, -2, 638
-446, -2, 638
-499, 193, 702
-513, 341, 953
-499, 588, 1055
-538, 889, 1126
-601, 1142, 1186
-629, 1246, 1199
-582, 1263, 1157
-531, 1425, 1098
-504, 1582, 1026
-456, 1470, 920
-401, 1332, 793
-298, 1212, 687
-232, 1084, 755
-232, 1084, 755
-215, 931, 742
-230, 738, 738
-231, 574, 743
-243, 365, 827
-255, 165, 945
-216, -170, 948
-230, -558, 1004
-316, -785, 1032
-402, -821, 1071
-466, -803, 1124
-466, -827, 1104
-482, -853, 1078
-504, -755, 977
-504, -755, 977
-549, -598, 1045
-596, -373, 1098
-,-,-
-727, 139, 344
-762, 170, 538
-716, 175, 462
-716, 175, 462
-695, 93, 402
-671, -105, 350
-663, -294, 428
-639, -415, 587
-554, -513, 540
-506, -546, 481
-464, -591, 479
-400, -626, 554
-392, -420, 605
-452, -210, 579
-452, -210, 579
-466, -184, 660
-478, -2, 823
-474, 351, 854
-505, 624, 990
-514, 827, 1090
-545, 1105, 1249
-579, 1429, 1292
-556, 1534, 1076
-551, 1538, 1001
-504, 1549, 1003
-434, 1627, 894
-367, 1598, 819
-304, 1342, 789
-278, 1132, 774
-278, 1132, 774
-159, 912, 723
-57, 596, 875
-92, 290, 1110
-145, -22, 1057
-186, -370, 926
-289, -596, 876
-402, -631, 976
-457, -548, 1065
-496, -520, 1062
-527, -570, 941
-562, -604, 964
-562, -604, 964
-565, -592, 1005
-564, -556, 1029
-562, -513, 998
-559, -451, 958
-580, -360, 993
-606, -256, 1062
-614, -234, 1135
-639, -192, 1192
-703, -115, 1233
-,-,-
-871, 221, 435
-833, 220, 292
-852, 175, 351
-825, -47, 567
-779, -199, 556
-708, -267, 455
-714, -265, 551
-714, -265, 551
-715, -316, 617
-648, -411, 579
-542, -507, 483
-471, -565, 485
-470, -516, 497
-479, -465, 412
-448, -424, 399
-426, -306, 552
-462, 19, 767
-467, 329, 696
-467, 329, 696
-406, 414, 696
-431, 671, 924
-569, 1288, 1179
-598, 1571, 1236
-537, 1474, 1145
-455, 1443, 948
-442, 1545, 940
-410, 1615, 945
-328, 1521, 892
-222, 1232, 724
-198, 1036, 617
-195, 1040, 661
-161, 1018, 785
-161, 1018, 785
-149, 698, 973
-163, 241, 1027
-217, -81, 1024
-381, -290, 1169
-459, -587, 1510
-417, -921, 1609
-439, -1109, 1525
-488, -1195, 1397
-564, -1023, 1273
-596, -796, 1184
-577, -548, 1024
-589, -339, 922
-637, -181, 944
-651, -83, 1007
-695, -16, 1128
-,-,-
-837, 151, 477
-785, 166, 455
-768, 115, 402
-729, 65, 321
-729, 65, 321
-762, 39, 413
-800, 3, 618
-806, 72, 547
-779, 89, 503
-779, 89, 503
-780, 107, 506
-708, 15, 470
-566, -213, 362
-444, -447, 264
-392, -649, 210
-401, -737, 174
-433, -775, 302
-465, -765, 558
-495, -507, 709
-495, -507, 709
-500, -202, 773
-550, 151, 842
-611, 508, 945
-600, 746, 1093
-645, 1175, 1263
-657, 1456, 1246
-645, 1608, 1151
-643, 1807, 1079
-584, 1838, 1078
-500, 1653, 1072
-407, 1416, 892
-318, 1177, 684
-246, 984, 714
-190, 787, 799
-190, 787, 799
-182, 722, 734
-233, 559, 729
-274, 373, 768
-279, 132, 891
-329, -66, 1006
-343, -385, 995
-375, -713, 1052
-420, -924, 1104
-462, -1024, 1159
-527, -954, 1180
-599, -795, 1148
-647, -645, 1097
-645, -511, 976
-600, -420, 927
-597, -283, 951
-597, -283, 951
-628, -130, 965
-678, 9, 1069
-,-,-
-806, 310, 238
-793, 374, 117
-793, 374, 117
-797, -92, 761
-808, -227, 953
-779, -131, 523
-797, -193, 619
-826, -304, 869
-794, -271, 853
-723, -210, 573
-711, -252, 553
-634, -338, 531
-512, -360, 483
-466, -237, 423
-466, -237, 423
-484, -222, 397
-504, -162, 462
-528, 57, 515
-517, 258, 608
-484, 340, 643
-479, 416, 698
-506, 650, 767
-566, 959, 844
-566, 959, 844
-651, 1227, 923
-722, 1396, 1080
-690, 1426, 966
-606, 1380, 933
-510, 1386, 905
-426, 1367, 871
-368, 1285, 817
-337, 1282, 751
-305, 1297, 669
-292, 1338, 660
-262, 1209, 675
-206, 985, 827
-206, 985, 827
-88, 654, 950
-39, 293, 965
-44, -187, 936
-85, -762, 1049
-193, -1136, 1194
-272, -1365, 1238
-364, -1328, 1314
-418, -1212, 1308
-525, -946, 1225
-606, -675, 1043
-649, -450, 951
-686, -270, 941
-695, -120, 938
-,-,-
-729, 123, 179
-740, 115, 247
-798, -85, 589
-700, -328, 518
-554, -610, 335
-487, -870, 451
-495, -933, 685
-491, -874, 666
-481, -657, 618
-481, -657, 749
-464, -417, 749
-455, -115, 893
-515, 287, 960
-562, 579, 929
-533, 685, 875
-536, 875, 923
-558, 1157, 956
-597, 1389, 992
-540, 1400, 890
-463, 1346, 864
-463, 1346, 864
-415, 1464, 881
-358, 1530, 802
-335, 1514, 659
-315, 1344, 618
-235, 1175, 596
-147, 1028, 712
-153, 962, 766
-188, 755, 764
-209, 346, 762
-214, -153, 877
-242, -555, 1119
-315, -948, 1286
-478, -1144, 1417
-575, -1179, 1449
-592, -1102, 1397
-574, -954, 1208
-591, -735, 1075
-615, -490, 1077
-643, -147, 961
-,-,-
-748, 323, 151
-756, 256, 270
-757, 52, 515
-683, -87, 459
-683, -87, 459
-581, -204, 325
-542, -445, 394
-521, -640, 531
-547, -584, 557
-552, -410, 457
-596, -315, 539
-585, -400, 697
-530, -352, 722
-444, -144, 585
-472, 50, 590
-550, 264, 722
-550, 264, 722
-611, 538, 884
-570, 782, 851
-497, 944, 856
-438, 1010, 963
-497, 1248, 1086
-552, 1404, 1106
-546, 1496, 1007
-600, 1640, 966
-578, 1689, 889
-430, 1552, 840
-236, 1278, 777
-90, 990, 769
-90, 990, 769
-77, 901, 711
-87, 794, 677
-100, 632, 670
-111, 309, 694
-154, -111, 803
-154, -111, 803
-242, -533, 1135
-299, -979, 1309
-366, -1220, 1327
-462, -1247, 1356
-579, -1137, 1337
-660, -983, 1231
-697, -852, 1193
-694, -743, 1178
-,-,-
-762, 168, 484
-813, 74, 612
-765, 37, 303
-765, 37, 303
-739, -67, 551
-782, -35, 767
-831, -50, 881
-846, 75, 776
-812, 106, 776
-786, 110, 758
-786, 110, 758
-721, 88, 648
-661, 77, 503
-555, -123, 381
-469, -292, 294
-384, -486, 250
-351, -593, 295
-363, -629, 298
-337, -730, 470
-337, -730, 470
-344, -546, 705
-416, -264, 808
-487, -17, 981
-491, 227, 975
-494, 564, 1101
-567, 1059, 1270
-611, 1491, 1238
-585, 1683, 1239
-548, 1803, 1274
-489, 1860, 1253
-379, 1756, 1017
-279, 1510, 834
-238, 1317, 740
-201, 1121, 807
-155, 883, 902
-138, 692, 728
-138, 692, 728
-125, 478, 659
-167, 228, 827
-207, 22, 921
-215, -256, 896
-280, -650, 872
-344, -1054, 1114
-391, -1165, 1344
-433, -1040, 1336
-513, -831, 1232
-581, -670, 1075
-623, -479, 997
-617, -327, 991
-584, -222, 987
-597, -140, 1096
-624, -108, 1199
-696, -40, 1233
-,-,-
-766, 144, 328
-777, 6, 764
-725, 43, 363
-655, -3, 171
-697, -143, 611
-668, -369, 859
-668, -369, 859
-653, -291, 713
-571, -237, 565
-509, -281, 545
-457, -385, 557
-386, -423, 510
-322, -347, 389
-337, -292, 422
-416, -264, 637
-465, -103, 741
-449, 43, 762
-482, 212, 849
-482, 212, 849
-565, 458, 1092
-622, 824, 1275
-585, 1092, 1249
-531, 1181, 1161
-557, 1234, 1160
-590, 1440, 1156
-543, 1503, 1152
-456, 1513, 962
-383, 1436, 897
-268, 1362, 755
-162, 1165, 781
-144, 1015, 735
-108, 880, 617
-44, 655, 718
-44, 655, 718
-5, 308, 873
-163, 34, 757
-284, -363, 852
-308, -559, 1101
-324, -554, 1408
-372, -708, 1401
-477, -647, 1165
-559, -578, 1024
-573, -553, 1081
-542, -621, 1122
-550, -643, 1072
-583, -589, 1058
-565, -540, 1051
-591, -435, 1133
-632, -337, 1192
-,-,-
-810, 296, 256
-810, 296, 256
-807, 144, 555
-814, 86, 641
-778, 183, 525
-742, 144, 464
-776, 132, 581
-770, 84, 603
-770, 84, 603
-705, 65, 448
-644, 56, 311
-613, 25, 256
-564, -118, 248
-491, -233, 180
-440, -390, 181
-440, -390, 181
-439, -583, 315
-513, -721, 480
-584, -671, 803
-598, -467, 896
-565, -285, 948
-564, -59, 1055
-588, 313, 1090
-602, 679, 980
-595, 816, 902
-609, 1004, 935
-649, 1265, 1025
-630, 1394, 1022
-543, 1369, 893
-543, 1369, 893
-472, 1285, 858
-438, 1301, 841
-356, 1291, 802
-224, 1167, 739
-167, 1017, 691
-232, 956, 774
-238, 885, 831
-208, 671, 878
-274, 403, 818
-292, 12, 908
-292, 12, 908
-288, -338, 1204
-338, -608, 1244
-405, -863, 1067
-464, -1068, 1141
-537, -1093, 1240
-584, -1021, 1309
-604, -843, 1211
-613, -667, 1176
-643, -476, 1128
-,-,-
-798, 317, 187
-872, 244, 533
-820, 102, 604
-820, 102, 604
-717, 43, 396
-680, -83, 374
-686, -203, 613
-646, -356, 706
-608, -342, 639
-591, -299, 552
-580, -279, 571
-518, -386, 594
-460, -539, 568
-460, -539, 568
-465, -445, 492
-473, -338, 430
-483, -272, 537
-542, -36, 736
-573, 279, 721
-543, 427, 652
-522, 558, 767
-597, 1009, 1045
-590, 1367, 1094
-507, 1456, 1096
-469, 1500, 1112
-479, 1586, 1110
-485, 1708, 977
-394, 1638, 860
-394, 1638, 860
-257, 1401, 819
-218, 1144, 777
-222, 993, 763
-141, 799, 751
-52, 489, 778
-127, 198, 904
-190, -114, 940
-147, -547, 1022
-188, -956, 1121
-326, -1163, 1159
-415, -1223, 1219
-475, -1175, 1331
-554, -1040, 1409
-607, -849, 1440
-,-,-
-737, 306, 106
-742, 255, 322
-731, 48, 698
-711, -5, 619
-711, -5, 619
-623, -15, 322
-611, -212, 488
-652, -329, 772
-669, -230, 597
-657, -148, 523
-662, -119, 552
-631, -102, 549
-561, -179, 504
-497, -289, 307
-497, -289, 307
-457, -451, 405
-396, -529, 463
-412, -460, 503
-513, -275, 641
-568, -10, 857
-544, 369, 1086
-502, 751, 1245
-485, 1034, 1217
-598, 1319, 1262
-651, 1577, 1208
-589, 1711, 1047
-446, 1692, 788
-354, 1492, 677
-329, 1268, 658
-305, 1261, 589
-189, 1226, 585
-189, 1226, 585
-131, 1186, 584
-147, 1078, 697
-68, 832, 815
12, 597, 1009
3, 421, 1129
-4, 33, 1147
-4, 33, 1147
-74, -410, 1154
-151, -821, 1183
-237, -1181, 1298
-345, -1394, 1392
-422, -1389, 1385
-525, -1201, 1461
-610, -978, 1437
-,-,-
-686, 85, 429
-686, 85, 429
-727, 236, 298
-749, 183, 324
-786, 28, 554
-850, -2, 668
-848, 5, 672
-848, 5, 672
-864, 35, 727
-903, -23, 887
-928, -5, 889
-936, 72, 734
-864, 13, 603
-864, 13, 603
-753, -93, 525
-575, -241, 363
-402, -420, 256
-314, -599, 144
-268, -585, 39
-206, -538, 97
-122, -572, 309
-122, -572, 309
-150, -552, 594
-300, -137, 608
-394, 285, 682
-514, 716, 992
-677, 1223, 1253
-717, 1619, 1337
-664, 1737, 1399
-667, 1862, 1516
-611, 1875, 1411
-479, 1763, 1139
-324, 1505, 958
-259, 1295, 904
-259, 1104, 923
-223, 995, 863
-132, 700, 835
-132, 700, 835
-81, 285, 847
-170, -75, 852
-249, -495, 747
-276, -927, 727
-291, -1298, 929
-365, -1359, 1192
-478, -1136, 1192
-561, -911, 1153
-632, -701, 1077
-647, -467, 1009
-653, -230, 1006
-678, -43, 1053
-699, 63, 1056
-,-,-
-742, 266, 145
-786, 152, 727
-719, 162, 605
-637, 64, 496
-637, 64, 496
-635, 0, 582
-677, 7, 663
-694, 6, 709
-665, 18, 545
-665, 18, 545
-629, -56, 520
-549, -230, 453
-443, -564, 392
-399, -672, 342
-402, -638, 297
-418, -710, 429
-403, -784, 537
-413, -565, 656
-436, -10, 691
-436, -10, 691
-500, 518, 857
-561, 804, 1049
-566, 1090, 1188
-542, 1361, 1347
-565, 1641, 1309
-562, 1715, 1206
-466, 1616, 1046
-368, 1482, 952
-280, 1280, 888
-190, 1074, 766
-164, 908, 726
-193, 881, 653
-287, 973, 702
-287, 973, 702
-305, 688, 894
-249, 261, 1003
-253, -106, 926
-289, -530, 1077
-301, -942, 1287
-408, -1119, 1469
-498, -1081, 1330
-597, -1002, 1207
-612, -942, 1023
-597, -807, 989
-606, -559, 986
-617, -447, 1037
-636, -407, 1134
-676, -313, 1206
-702, -185, 1226
-782, -55, 1275
-,-,-
-902, 240, 527
-823, 81, 552
-833, 152, 436
-786, 68, 437
-752, 28, 361
-752, 28, 361
-752, -27, 379
-762, -39, 497
-751, 21, 498
-713, 80, 442
-657, 23, 443
-657, 23, 443
-617, -46, 408
-550, -250, 348
-486, -438, 174
-476, -485, 208
-485, -549, 325
-474, -617, 480
-445, -728, 743
-423, -596, 844
-412, -285, 872
-412, -285, 872
-479, 154, 1054
-585, 656, 1194
-579, 1053, 1268
-602, 1463, 1367
-592, 1625, 1321
-558, 1680, 1183
-479, 1702, 989
-367, 1650, 904
-286, 1548, 892
-191, 1378, 845
-121, 1264, 730
-116, 1117, 775
-156, 983, 861
-88, 615, 933
-88, 615, 933
-91, 240, 1000
-174, -151, 890
-234, -646, 889
-325, -986, 1027
-437, -1090, 1094
-485, -1180, 1208
-536, -1156, 1241
-581, -984, 1124
-641, -774, 1057
-694, -573, 1020
-745, -412, 1108
-772, -277, 1215
-,-,-
-762, 288, 154
-744, 220, 436
-707, 121, 418
-680, 11, 366
-707, -34, 442
-707, -34, 442
-734, -96, 648
-718, -113, 566
-669, -173, 401
-619, -274, 302
-568, -347, 326
-510, -407, 393
-447, -487, 322
-495, -424, 346
-531, -390, 393
-513, -410, 576
-513, -410, 576
-502, -384, 770
-574, -124, 849
-575, 184, 768
-505, 364, 902
-467, 492, 1053
-503, 714, 1112
-482, 903, 1099
-508, 1230, 1226
-589, 1502, 1376
-610, 1702, 1327
-546, 1770, 1109
-514, 1794, 1015
-389, 1707, 851
-251, 1541, 752
-126, 1187, 790
-126, 1187, 790
-25, 887, 768
25, 587, 904
-10, 251, 1001
-74, -147, 887
-99, -729, 974
-159, -1208, 1401
-241, -1335, 1340
-368, -1324, 1249
-515, -1201, 1168
-600, -1092, 1143
-637, -870, 1071
-,-,-
-789, 350, 206
-804, 324, 457
-854, 179, 756
-815, 166, 554
-792, 140, 459
-788, -3, 558
-788, -3, 558
-782, -112, 629
-737, -156, 607
-639, -170, 397
-569, -268, 446
-474, -526, 489
-359, -747, 230
-292, -804, 141
-304, -741, 269
-346, -707, 429
-355, -612, 500
-355, -612, 500
-421, -226, 575
-517, 112, 757
-539, 403, 992
-583, 910, 1243
-665, 1440, 1523
-664, 1734, 1522
-566, 1808, 1366
-468, 1859, 1258
-381, 1912, 1186
-307, 1828, 1051
-206, 1561, 831
-187, 1368, 675
-130, 1138, 670
-32, 803, 851
-32, 803, 851
-23, 621, 905
-28, 320, 990
-129, 41, 1070
-198, -317, 1162
-214, -707, 1295
-254, -1047, 1289
-334, -1303, 1198
-432, -1391, 1214
-528, -1304, 1256
-570, -1120, 1211
-590, -925, 1136
-642, -682, 992
-687, -410, 972
-,-,-
-660, 271, -19
-740, 168, 604
-716, 187, 476
-593, -9, 360
-630, -134, 565
-722, -120, 720
-762, -88, 684
-762, -88, 684
-719, -38, 515
-713, -46, 624
-679, -108, 615
-607, -268, 489
-549, -390, 344
-460, -490, 271
-420, -660, 413
-506, -533, 453
-528, -414, 264
-544, -355, 508
-598, -355, 828
-598, -49, 828
-627, 380, 1023
-520, 622, 1032
-445, 750, 1137
-624, 1320, 1334
-720, 1729, 1242
-678, 1683, 1138
-541, 1469, 1059
-446, 1376, 1057
-371, 1305, 911
-346, 1246, 818
-300, 1189, 680
-246, 1058, 669
-227, 995, 810
-168, 891, 879
-168, 891, 879
-118, 596, 904
-173, 254, 910
-183, -102, 942
-151, -464, 1012
-227, -813, 1129
-344, -975, 1146
-414, -1120, 1175
-460, -1187, 1174
-546, -1024, 1113
-616, -773, 1088
-659, -583, 1113
-685, -495, 1126
-,-,-
-779, 324, 125
-759, 199, 395
-728, -42, 667
-669, -45, 497
-706, -15, 472
-779, -53, 584
-830, -57, 685
-830, -57, 685
-811, -44, 651
-711, -50, 469
-628, -209, 434
-536, -499, 555
-470, -629, 526
-492, -510, 419
-530, -377, 253
-551, -411, 282
-443, -542, 549
-441, -301, 738
-441, -301, 807
-475, 49, 807
-459, 284, 748
-437, 388, 922
-456, 706, 1142
-549, 1151, 1278
-584, 1331, 1232
-598, 1388, 1174
-575, 1524, 1111
-527, 1681, 1115
-437, 1613, 1071
-335, 1459, 912
-233, 1307, 783
-170, 1214, 711
-132, 1177, 738
1, 941, 724
1, 941, 724
85, 622, 881
69, 377, 970
69, 377, 970
2, 118, 917
-65, -277, 915
-154, -607, 1061
-229, -826, 1329
-329, -1081, 1392
-405, -1332, 1281
-453, -1477, 1290
-513, -1351, 1274
-589, -1021, 1235
-634, -691, 1108
-676, -449, 1098
-731, -286, 1199
-,-,-
-868, 183, 333
-837, 108, 533
-836, 23, 535
-819, 21, 581
-819, 21, 581
-827, 113, 605
-844, 109, 639
-864, 128, 644
-829, 76, 585
-740, 34, 380
-683, -38, 392
-683, -38, 392
-621, -85, 374
-519, -161, 226
-432, -363, 174
-388, -573, 112
-344, -892, 209
-342, -967, 347
-426, -745, 454
-514, -579, 598
-504, -498, 934
-441, -265, 1135
-366, 75, 1161
-366, 75, 1161
-339, 403, 1208
-481, 873, 1471
-635, 1369, 1569
-632, 1541, 1452
-547, 1586, 1189
-487, 1581, 1139
-462, 1702, 1137
-378, 1634, 1062
-280, 1440, 925
-175, 1280, 866
-72, 1245, 822
-58, 1185, 873
-63, 949, 875
-63, 949, 875
-43, 619, 876
-27, 336, 863
-29, 64, 968
-49, -340, 1066
-82, -812, 966
-82, -812, 966
-132, -1202, 1034
-238, -1337, 1168
-385, -1286, 1308
-501, -1211, 1301
-604, -955, 1202
-604, -955, 1199
-670, -641, 1199
-728, -410, 1226
-793, -233, 1306
-,-,-
-739, 275, 138
-800, 200, 556
-804, 74, 746
-775, 108, 616
-778, 113, 523
-864, 160, 637
-864, 160, 637
-879, 123, 692
-861, 156, 665
-808, 166, 500
-792, 144, 506
-746, 76, 511
-666, -2, 442
-666, -2, 442
-591, -2, 290
-554, 1, 226
-467, -132, 172
-387, -414, 138
-395, -672, 144
-435, -762, 115
-442, -903, 457
-442, -903, 457
-375, -1011, 768
-386, -781, 976
-364, -393, 907
-354, -81, 907
-484, 426, 1152
-578, 909, 1334
-572, 1177, 1396
-544, 1218, 1292
-596, 1277, 1262
-687, 1519, 1413
-630, 1738, 1312
-478, 1738, 1168
-369, 1665, 1077
-252, 1471, 1061
-167, 1372, 1000
-70, 1194, 845
-32, 949, 759
-25, 698, 760
-25, 698, 760
-42, 385, 957
-87, -100, 978
-112, -743, 988
-95, -1268, 1061
-153, -1433, 1215
-327, -1220, 1268
-519, -993, 1085
-610, -860, 905
-621, -811, 968
-605, -622, 1019
-587, -438, 1010
-614, -294, 1034
-675, -176, 1031
-724, -106, 1111
-,-,-
-766, 192, 356
-789, 15, 766
-805, 115, 607
-748, 177, 385
-782, 110, 457
-782, 110, 457
-855, 94, 517
-841, 15, 545
-786, 38, 440
-742, 4, 458
-671, -52, 463
-671, -52, 463
-585, -155, 395
-508, -324, 368
-454, -428, 216
-431, -536, 248
-417, -707, 287
-464, -702, 407
-525, -501, 528
-560, -259, 734
-505, -177, 929
-456, -47, 1080
-534, 425, 1188
-576, 800, 1178
-576, 800, 1178
-609, 1136, 1206
-668, 1499, 1289
-649, 1614, 1293
-569, 1629, 1157
-472, 1605, 983
-377, 1540, 843
-221, 1364, 788
-98, 1129, 819
-50, 1094, 662
-26, 1088, 655
-47, 1087, 757
-184, 903, 809
-184, 903, 809
-161, 242, 899
-121, -419, 1275
-152, -856, 1547
-252, -1181, 1498
-324, -1490, 1326
-434, -1553, 1228
-562, -1343, 1157
-654, -1005, 1120
-713, -750, 1072
-,-,-
-807, 332, 135
-805, 265, 393
-834, 89, 790
-743, -56, 667
-652, -140, 449
-746, -41, 600
-746, -41, 600
-796, 35, 681
-762, 56, 696
-679, 43, 570
-624, -32, 474
-594, -124, 496
-540, -184, 461
-540, -184, 461
-452, -328, 282
-422, -543, 202
-430, -697, 302
-434, -696, 494
-456, -587, 605
-535, -350, 647
-602, -137, 775
-580, 139, 994
-613, 658, 1201
-659, 1031, 1286
-677, 1196, 1279
-665, 1364, 1325
-626, 1615, 1354
-563, 1752, 1313
-473, 1658, 1074
-383, 1464, 841
-267, 1320, 761
-267, 1320, 761
-147, 1281, 829
-60, 1193, 792
-6, 909, 727
55, 530, 666
69, 253, 794
69, 253, 794
-25, 126, 847
-107, -275, 873
-166, -870, 962
-283, -1158, 1079
-364, -1174, 1226
-480, -1127, 1389
-633, -1072, 1445
-672, -1111, 1354
-655, -1077, 1328
-650, -902, 1332
-,-,-
-899, 169, 661
-832, 142, 602
-832, 142, 602
-700, 125, 129
-702, -15, 411
-736, -24, 488
-726, -186, 599
-691, -134, 525
-680, -61, 525
-713, 37, 642
-713, 37, 642
-714, 73, 618
-672, 64, 519
-561, -35, 414
-415, -314, 369
-343, -651, 343
-310, -834, 82
-249, -911, 129
-249, -911, 129
-229, -952, 533
-323, -644, 913
-455, -166, 943
-543, 221, 1085
-668, 789, 1439
-812, 1339, 1831
-785, 1521, 1711
-674, 1522, 1431
-583, 1562, 1223
-530, 1692, 1061
-465, 1662, 958
-343, 1477, 771
-193, 1226, 822
-28, 984, 798
24, 835, 710
24, 835, 710
-60, 763, 843
-109, 687, 955
-74, 425, 1006
-76, 15, 1010
-76, 15, 1010
-159, -351, 984
-231, -617, 1132
-265, -755, 1227
-325, -1015, 1227
-415, -1195, 1120
-508, -1186, 1161
-549, -1104, 1248
-596, -945, 1267
-637, -762, 1215
-,-,-
-610, 270, -90
-759, 109, 666
-718, 78, 584
-718, 78, 584
-662, 71, 414
-700, 19, 518
-784, -56, 797
-817, -112, 890
-764, -85, 793
-734, -79, 746
-734, -79, 746
-712, -195, 711
-669, -326, 607
-626, -390, 559
-588, -423, 505
-532, -485, 567
-472, -528, 576
-417, -436, 431
-409, -341, 467
-406, -290, 751
-412, -25, 959
-402, 271, 976
-402, 271, 976
-396, 497, 890
-473, 654, 979
-564, 947, 1215
-599, 1262, 1299
-552, 1323, 1191
-517, 1296, 1072
-495, 1306, 1044
-466, 1390, 998
-390, 1447, 856
-250, 1360, 738
-161, 1202, 790
-130, 1188, 855
-80, 1180, 788
-80, 1180, 788
-69, 924, 788
-85, 514, 804
-59, 141, 941
-76, -209, 1122
-133, -745, 1152
-184, -1190, 1129
-272, -1430, 1179
-411, -1375, 1248
-543, -1150, 1268
-620, -949, 1213
-648, -755, 1163
-,-,-
-821, 105, 597
-798, 234, 407
-755, 183, 376
-755, 115, 557
-755, 115, 557
-721, -32, 613
-695, -112, 521
-723, -71, 472
-747, -22, 463
-693, -45, 448
-588, -155, 442
-486, -292, 421
-441, -448, 349
-463, -445, 285
-463, -445, 285
-452, -510, 305
-416, -606, 462
-487, -573, 732
-596, -238, 710
-607, -127, 717
-551, -65, 850
-576, 234, 1233
-636, 710, 1436
-589, 988, 1303
-574, 1019, 1217
-566, 1103, 1258
-547, 1355, 1264
-478, 1533, 1076
-452, 1594, 923
-402, 1553, 770
-402, 1553, 770
-254, 1376, 760
-99, 1205, 720
-48, 1066, 818
-50, 895, 845
-79, 670, 849
-108, 399, 822
-108, 5, 1069
-108, 5, 1069
-162, -335, 1379
-223, -597, 1326
-299, -985, 1203
-420, -1221, 1228
-469, -1262, 1223
-539, -1145, 1306
-,-,-
-736, 103, 440
-761, 198, 581
-677, 348, 176
-642, 170, 262
-706, -19, 510
-751, -101, 586
-759, -15, 412
-730, 14, 312
-730, 14, 312
-704, -12, 307
-602, -162, 345
-480, -396, 329
-410, -499, 192
-455, -505, 213
-508, -527, 327
-480, -560, 457
-510, -414, 658
-529, -183, 711
-458, -176, 851
-458, -176, 851
-403, -95, 1109
-448, 307, 1303
-566, 839, 1412
-593, 1047, 1304
-627, 1090, 1258
-705, 1386, 1297
-699, 1714, 1274
-626, 1811, 1210
-528, 1652, 1043
-427, 1407, 974
-330, 1324, 880
-199, 1184, 881
-147, 977, 959
-144, 803, 895
-88, 475, 859
-88, 475, 859
-10, -53, 871
-33, -537, 930
-125, -895, 988
-280, -1153, 1193
-391, -1319, 1279
-460, -1323, 1220
-538, -1177, 1206
-631, -933, 1185
-693, -652, 1147
-,-,-
-713, 275, 144
-789, 232, 235
-821, 97, 502
-826, 51, 565
-811, 82, 546
-770, 84, 422
-770, 84, 422
-831, 68, 442
-823, -34, 461
-768, -107, 467
-675, -134, 352
-615, -176, 304
-564, -258, 261
-461, -505, 234
-369, -734, 271
-369, -734, 271
-358, -629, 257
-336, -583, 296
-318, -512, 538
-331, -263, 819
-400, 127, 1042
-519, 444, 1205
-566, 588, 1290
-620, 882, 1438
-666, 1262, 1411
-683, 1326, 1452
-660, 1311, 1309
-607, 1386, 1124
-543, 1477, 1076
-487, 1479, 1185
-363, 1413, 1036
-183, 1213, 854
-58, 1028, 784
-58, 1028, 784
-17, 911, 792
-27, 760, 935
-75, 545, 1002
-155, 185, 844
-198, -484, 805
-233, -1083, 1037
-346, -1182, 1124
-441, -1257, 1235
-549, -1247, 1388
-599, -1216, 1385
-660, -970, 1206
-695, -716, 1002
-,-,-
-636, 104, 225
-739, 277, 237
-836, 328, 303
-810, 256, 450
-780, 86, 605
-794, 113, 543
-819, 177, 419
-819, 177, 419
-836, 173, 467
-804, 119, 450
-732, 35, 398
-606, -68, 256
-487, -273, 227
-426, -532, 308
-420, -536, 144
-420, -536, 144
-458, -523, 97
-461, -595, 264
-449, -647, 595
-500, -458, 824
-549, -134, 715
-626, 93, 885
-729, 429, 1219
-771, 829, 1346
-687, 894, 1238
-585, 666, 1057
-588, 731, 1056
-588, 731, 1056
-614, 1045, 1086
-610, 1297, 1148
-608, 1407, 1114
-638, 1471, 1153
-617, 1541, 1090
-474, 1473, 927
-321, 1304, 811
-238, 1056, 758
-153, 826, 705
-36, 552, 682
-32, 279, 758
-122, 92, 734
-122, 92, 734
-277, -164, 895
-312, -549, 1088
-277, -998, 1332
-313, -1267, 1431
-429, -1258, 1378
-526, -1090, 1241
-586, -858, 1069
-618, -645, 981
-605, -435, 899
-595, -249, 850
-593, -104, 842
-601, 20, 884
-609, 103, 889
-651, 113, 944
-,-,-
-762, 166, 454
-770, 165, 594
-702, 152, 321
-702, 152, 321
-696, -52, 427
-730, -129, 602
-750, -36, 608
-756, 64, 509
-776, 89, 493
-773, 62, 518
-773, 62, 518
-701, 10, 510
-531, -115, 307
-396, -413, 189
-336, -779, 150
-295, -868, 144
-256, -877, 415
-295, -870, 591
-394, -735, 796
-460, -408, 942
-460, -408, 942
-523, 105, 1151
-637, 633, 1297
-759, 978, 1418
-737, 1146, 1447
-685, 1348, 1345
-616, 1407, 1238
-541, 1387, 1116
-476, 1311, 900
-414, 1250, 739
-396, 1250, 757
-344, 1217, 791
-269, 1167, 790
-215, 983, 795
-224, 782, 871
-252, 737, 928
-252, 737, 928
-226, 636, 989
-212, 406, 1036
-241, 77, 1072
-299, -314, 1069
-269, -875, 1009
-210, -1396, 1075
-265, -1467, 1197
-419, -1179, 1212
-560, -837, 1071
-625, -592, 943
-646, -423, 884
-657, -209, 878
-666, -25, 970
-665, 85, 1009
-657, 92, 1087
-,-,-
-693, 236, 163
-740, 83, 652
-751, 133, 549
-690, 180, 296
-690, 180, 296
-694, 100, 389
-756, 66, 426
-820, 34, 597
-804, 158, 451
-770, 160, 391
-745, 141, 429
-745, 141, 429
-663, 30, 425
-513, -144, 268
-392, -492, 166
-387, -655, 116
-430, -710, 118
-438, -875, 181
-413, -975, 364
-464, -611, 692
-510, -167, 946
-534, 232, 1054
-547, 524, 1101
-547, 524, 1101
-635, 973, 1388
-663, 1334, 1503
-642, 1463, 1413
-583, 1392, 1105
-561, 1358, 1033
-505, 1328, 1012
-439, 1314, 945
-396, 1220, 927
-362, 1117, 904
-316, 1053, 864
-249, 984, 782
-235, 783, 825
-284, 522, 837
-293, 221, 869
-293, 221, 869
-266, -58, 922
-288, -287, 899
-362, -574, 831
-407, -855, 977
-407, -905, 1015
-395, -971, 1102
-406, -1018, 1156
-478, -840, 1075
-560, -570, 1065
-621, -367, 1123
-668, -191, 1202
-692, -26, 1199
-,-,-
-694, 216, 23
-775, 193, 304
-784, 27, 535
-763, -97, 430
-669, -134, 237
-673, -173, 278
-714, -250, 467
-679, -462, 618
-679, -462, 618
-559, -483, 359
-481, -513, 395
-458, -519, 608
-466, -559, 796
-470, -381, 720
-507, -142, 649
-552, 52, 671
-558, 184, 740
-543, 362, 829
-582, 733, 976
-582, 733, 976
-586, 957, 1078
-535, 1003, 1113
-505, 1058, 1080
-517, 1367, 1103
-523, 1624, 1117
-496, 1690, 1059
-456, 1559, 924
-402, 1403, 825
-311, 1284, 808
-168, 1057, 837
-51, 774, 835
-160, 600, 841
-295, 320, 806
-295, 320, 806
-253, -286, 961
-148, -1026, 1176
-249, -1337, 1186
-383, -1317, 1282
-520, -1092, 1367
-581, -914, 1266
-598, -778, 1113
-623, -586, 1001
-650, -380, 921
-685, -195, 985
-696, -90, 956
-698, 16, 886
-703, 56, 877
-,-,-
-667, 166, 118
-739, 165, 552
-754, 181, 494
-665, 148, 228
-655, -1, 356
-646, -114, 440
-640, -280, 406
-533, -452, 204
-432, -556, 254
-432, -556, 254
-398, -637, 477
-425, -647, 614
-422, -624, 509
-444, -428, 470
-481, -251, 704
-583, 90, 955
-637, 435, 988
-558, 592, 899
-524, 709, 1014
-610, 969, 1111
-610, 969, 1111
-665, 1110, 1157
-612, 1114, 1079
-533, 1153, 955
-517, 1288, 1130
-498, 1439, 1093
-455, 1472, 1011
-387, 1431, 975
-294, 1364, 993
-159, 1241, 912
-88, 1090, 783
-94, 942, 587
-36, 679, 665
15, 416, 964
15, 416, 964
-12, 252, 879
-98, -74, 833
-240, -462, 978
-319, -759, 1142
-276, -1113, 1315
-310, -1326, 1354
-412, -1331, 1341
-541, -1159, 1316
-646, -837, 1227
-678, -575, 1178
-706, -310, 1175
-,-,-
-818, 194, 322
-818, 194, 322
-873, 148, 611
-847, 75, 658
-739, 45, 253
-741, -90, 354
-724, -189, 531
-669, -338, 559
-669, -338, 340
-593, -380, 340
-580, -466, 367
-564, -491, 464
-500, -544, 530
-477, -476, 484
-500, -380, 404
-500, -272, 450
-564, 27, 765
-605, 285, 923
-596, 368, 855
-596, 368, 855
-543, 335, 717
-510, 368, 916
-610, 741, 1106
-663, 1047, 1137
-601, 1075, 1064
-527, 1064, 1042
-500, 1228, 1081
-479, 1401, 1063
-446, 1481, 979
-369, 1332, 765
-352, 1185, 728
-317, 1131, 726
-231, 1023, 812
-188, 863, 901
-188, 863, 901
-152, 679, 956
-102, 393, 1012
-136, 102, 1057
-188, -234, 1158
-203, -619, 1375
-244, -1080, 1341
-322, -1448, 1159
-402, -1550, 1174
-451, -1392, 1225
-499, -1141, 1191
-520, -915, 1010
-558, -678, 874
-559, -440, 846
-596, -114, 964
-,-,-
-836, 214, 175
-814, 82, 770
-815, 201, 384
-735, 163, 52
-735, 163, 52
-686, -96, 299
-670, -263, 511
-614, -378, 447
-582, -385, 346
-591, -397, 373
-595, -408, 504
-589, -389, 553
-500, -478, 476
-426, -667, 469
-419, -569, 511
-390, -362, 553
-390, -362, 553
-421, -2, 648
-437, 213, 741
-437, 325, 908
-485, 630, 1060
-584, 983, 1148
-652, 1080, 1194
-649, 1012, 1258
-623, 1039, 1311
-601, 1186, 1320
-587, 1393, 1197
-533, 1309, 1047
-455, 1103, 913
-397, 1118, 891
-350, 1254, 934
-350, 1254, 934
-303, 1352, 870
-274, 1174, 922
-175, 840, 927
-45, 528, 824
2, 171, 883
-16, -124, 1036
-104, -395, 1069
-188, -703, 985
-188, -703, 949
-271, -945, 949
-382, -1087, 1191
-442, -1152, 1273
-504, -1077, 1189
-556, -982, 1039
-599, -901, 974
-637, -710, 1134
-637, -436, 1268
-,-,-
-822, 187, 228
-856, 180, 315
-893, 136, 560
-849, 28, 671
-797, 4, 501
-817, 28, 419
-817, 28, 419
-832, 3, 546
-772, -101, 557
-678, -122, 371
-568, -239, 288
-484, -441, 293
-460, -595, 302
-427, -677, 206
-421, -744, 291
-421, -744, 291
-492, -680, 517
-564, -389, 636
-552, -198, 748
-515, -95, 816
-562, 181, 1131
-623, 680, 1291
-622, 950, 1286
-594, 1027, 1110
-598, 1118, 1063
-613, 1381, 1150
-578, 1543, 1152
-515, 1556, 1010
-474, 1423, 819
-429, 1341, 723
-318, 1232, 750
-256, 1161, 744
-256, 1161, 711
-265, 1030, 711
-261, 736, 742
-270, 330, 895
-227, 11, 916
-196, -342, 959
-253, -735, 920
-312, -1215, 1135
-371, -1454, 1365
-444, -1285, 1349
-558, -973, 1355
-655, -669, 1176
-702, -400, 1034
-,-,-
-835, 90, 437
-781, 27, 616
-772, 108, 368
-775, 96, 393
-771, -14, 601
-776, -60, 635
-776, -60, 635
-741, -30, 443
-748, -31, 430
-772, 13, 497
-725, -71, 533
-606, -180, 382
-492, -401, 312
-461, -589, 275
-461, -589, 275
-492, -689, 282
-442, -672, 180
-369, -747, 272
-440, -577, 632
-502, -247, 614
-471, -106, 607
-495, 137, 848
-620, 612, 1242
-684, 932, 1399
-655, 1009, 1274
-619, 940, 1162
-654, 1050, 1191
-680, 1199, 1248
-648, 1282, 1166
-540, 1188, 996
-460, 1090, 884
-460, 1090, 884
-446, 1088, 944
-411, 1190, 850
-361, 1167, 808
-310, 949, 815
-253, 774, 774
-198, 711, 806
-233, 468, 893
-293, 135, 969
-230, -302, 1058
-230, -302, 1113
-216, -528, 1113
-298, -664, 1088
-387, -943, 1066
-499, -936, 1129
-549, -878, 1083
-584, -910, 1091
-582, -961, 1044
-605, -895, 1037
-659, -673, 1032
-,-,-
-795, 237, 256
-854, 207, 394
-811, 9, 598
-811, 9, 598
-791, -8, 652
-718, 89, 421
-757, 42, 439
-842, 50, 562
-848, 49, 576
-848, 49, 576
-786, 57, 378
-763, -7, 296
-693, -183, 297
-563, -440, 261
-454, -573, 145
-440, -566, 98
-440, -566, 98
-432, -585, 195
-375, -590, 277
-299, -623, 339
-320, -476, 559
-395, -231, 735
-423, 10, 780
-444, 122, 987
-503, 435, 1233
-587, 832, 1362
-613, 993, 1347
-613, 993, 1347
-655, 1113, 1327
-687, 1293, 1386
-716, 1533, 1505
-666, 1663, 1463
-575, 1594, 1192
-523, 1471, 1035
-425, 1343, 940
-266, 1135, 951
-152, 1071, 834
-69, 819, 759
-54, 482, 717
-81, 260, 706
-87, -6, 767
-87, -6, 767
-161, -259, 884
-220, -553, 1007
-239, -794, 1066
-313, -935, 1013
-406, -1023, 995
-496, -1001, 1143
-555, -824, 1169
-533, -684, 1123
-520, -572, 1031
-547, -437, 1025
-591, -275, 1051
-624, -137, 1043
-655, -26, 1064
-,-,-
-754, 123, 380
-837, 133, 556
-774, 137, 371
-774, 137, 371
-723, 85, 317
-734, 12, 481
-764, -76, 662
-765, -33, 487
-740, -42, 443
-706, -93, 490
-706, -93, 490
-658, -190, 514
-567, -341, 385
-423, -628, 239
-359, -810, 338
-398, -716, 391
-433, -595, 407
-434, -521, 616
-479, -254, 844
-508, 17, 1037
-504, 189, 1078
-515, 383, 1158
-515, 383, 1158
-592, 735, 1285
-653, 1143, 1370
-634, 1402, 1279
-582, 1500, 1215
-520, 1511, 1163
-442, 1544, 1102
-382, 1591, 1026
-289, 1530, 877
-198, 1368, 722
-159, 1171, 689
-78, 860, 861
-52, 617, 936
-113, 370, 908
-186, -18, 978
-186, -18, 978
-193, -538, 1126
-276, -921, 1138
-331, -1258, 1119
-367, -1489, 1231
-463, -1458, 1431
-534, -1285, 1451
-575, -1064, 1271
-605, -766, 1082
-,-,-
-726, 145, 57
-800, -1, 698
-798, 47, 760
-723, 96, 458
-723, 96, 458
-710, -2, 457
-729, -92, 635
-732, -150, 763
-660, -158, 588
-541, -253, 426
-469, -373, 406
-421, -438, 307
-389, -462, 243
-364, -495, 217
-339, -533, 337
-339, -533, 337
-392, -469, 538
-566, -230, 588
-660, -127, 608
-681, -145, 832
-659, 63, 1184
-593, 448, 1316
-550, 740, 1303
-615, 987, 1374
-703, 1375, 1368
-747, 1759, 1346
-713, 1871, 1282
-647, 1750, 1134
-544, 1543, 965
-396, 1279, 924
-270, 1104, 879
-270, 1104, 879
-206, 882, 822
-175, 594, 807
-165, 294, 779
-170, 0, 819
-170, -477, 802
-255, -898, 921
-349, -1078, 1165
-475, -1007, 1266
-579, -961, 1261
-588, -1006, 1193
-571, -977, 1046
-598, -767, 917
-641, -533, 941
-656, -417, 995
-,-,-
-786, 152, 157
-828, 38, 638
-806, 82, 509
-702, 36, 298
-702, 36, 298
-683, -140, 310
-667, -286, 504
-645, -411, 599
-611, -352, 403
-560, -352, 343
-569, -338, 437
-523, -466, 606
-468, -507, 516
-449, -425, 389
-501, -363, 562
-501, -363, 562
-590, -202, 781
-617, 41, 825
-547, 109, 853
-527, 212, 882
-587, 531, 1008
-695, 969, 1187
-703, 1143, 1255
-655, 1137, 1252
-611, 1235, 1094
-577, 1319, 1026
-567, 1361, 950
-546, 1352, 818
-506, 1279, 845
-506, 1279, 845
-441, 1179, 942
-344, 1018, 865
-294, 784, 811
-256, 515, 712
-245, 212, 808
-223, -150, 926
-196, -585, 1042
-249, -909, 1122
-401, -968, 1152
-483, -978, 1105
-484, -1004, 1095
-490, -933, 1020
-551, -734, 941
-605, -640, 1058
-,-,-
-869, 229, 530
-839, 193, 567
-839, 193, 567
-793, 128, 427
-726, 13, 328
-714, -38, 314
-715, -95, 443
-687, -145, 514
-604, -209, 423
-526, -403, 373
-526, -403, 373
-486, -607, 447
-451, -659, 438
-454, -603, 440
-450, -604, 510
-424, -574, 612
-391, -413, 704
-427, -62, 813
-518, 352, 973
-577, 700, 1182
-557, 894, 1244
-531, 1129, 1222
-615, 1463, 1258
-666, 1615, 1250
-574, 1585, 1117
-458, 1496, 1084
-426, 1553, 957
-426, 1553, 957
-391, 1470, 851
-287, 1308, 760
-126, 1022, 806
-47, 943, 871
-10, 800, 766
-47, 410, 701
-83, -62, 778
-83, -62, 778
-95, -286, 928
-155, -348, 1083
-367, -467, 1103
-505, -747, 1158
-502, -1030, 1357
-476, -1114, 1450
-494, -1040, 1412
-569, -831, 1175
-639, -670, 1064
-663, -483, 1041
-,-,-
-796, 150, 219
-888, 65, 852
-859, 237, 699
-760, 115, 559
-724, -6, 590
-762, -26, 627
-762, -26, 627
-795, -1, 654
-766, 66, 414
-742, 94, 345
-732, 68, 419
-702, 34, 486
-702, 34, 486
-629, 10, 344
-558, -78, 236
-501, -247, 148
-446, -526, 118
-405, -769, 137
-358, -897, 92
-420, -1040, 318
-434, -1028, 666
-342, -804, 891
-342, -804, 891
-374, -310, 1187
-506, 210, 1376
-561, 540, 1477
-587, 905, 1489
-631, 1189, 1411
-672, 1289, 1306
-652, 1321, 1185
-587, 1326, 1158
-507, 1379, 1108
-500, 1465, 1128
-432, 1391, 1024
-327, 1168, 884
-264, 1005, 812
-227, 903, 778
-197, 777, 775
-155, 508, 727
-155, 508, 727
-173, 124, 774
-238, -201, 889
-279, -462, 1023
-310, -798, 1211
-380, -1005, 1212
-470, -1070, 1179
-550, -1010, 1239
-589, -929, 1238
-587, -790, 1127
-577, -664, 1009
-629, -482, 1028
-,-,-
-792, 115, 514
-837, 168, 668
-775, 139, 372
-775, 139, 372
-760, -5, 448
-811, -72, 689
-820, -24, 607
-795, 25, 479
-798, 9, 409
-798, 9, 409
-740, -145, 440
-625, -369, 422
-560, -373, 313
-546, -372, 227
-550, -428, 240
-477, -525, 258
-385, -603, 279
-386, -490, 507
-410, -261, 534
-433, -122, 641
-433, -122, 641
-500, 45, 949
-610, 380, 1172
-686, 695, 1253
-636, 672, 1190
-558, 497, 1205
-627, 778, 1248
-664, 1026, 1223
-692, 1197, 1152
-651, 1219, 1023
-612, 1263, 1105
-559, 1390, 1115
-466, 1460, 1021
-370, 1328, 866
-293, 1070, 795
-208, 795, 854
-208, 795, 854
-127, 665, 841
-75, 436, 754
-173, -20, 828
-241, -527, 906
-251, -816, 1032
-296, -860, 1090
-454, -894, 1111
-547, -1009, 1142
-571, -1065, 1177
-618, -905, 1191
-660, -694, 1235
-741, -495, 1329
-,-,-
-797, 123, 598
-831, 6, 876
-831, 6, 876
-767, 42, 535
-682, -19, 381
-736, -23, 482
-802, 38, 534
-831, 50, 630
-831, 50, 630
-788, 112, 454
-766, 88, 454
-738, 9, 468
-714, -37, 506
-714, -37, 404
-645, -126, 404
-561, -281, 305
-515, -470, 248
-443, -737, 266
-431, -795, 350
-537, -604, 376
-672, -400, 459
-592, -451, 928
-464, -393, 1362
-430, 46, 1241
-407, 371, 969
-530, 716, 975
-530, 716, 975
-651, 1115, 1061
-720, 1398, 1184
-740, 1538, 1142
-716, 1443, 1005
-640, 1266, 938
-553, 1174, 983
-476, 1224, 859
-340, 1092, 733
-240, 884, 739
-224, 790, 773
-262, 848, 693
-265, 742, 666
-265, 742, 666
-285, 454, 875
-310, 39, 1108
-327, -180, 1190
-369, -294, 1144
-455, -550, 1073
-498, -822, 1078
-470, -1018, 1135
-459, -1043, 1080
-482, -974, 1006
-504, -871, 914
-551, -724, 897
-625, -542, 950
-711, -371, 1140
-826, -239, 1232
-,-,-
-807, 213, 228
-806, 188, 277
-838, 24, 760
-784, -77, 745
-784, -77, 745
-741, 26, 527
-743, 32, 504
-781, 32, 573
-781, -2, 602
-715, -14, 409
-715, -14, 409
-681, -116, 337
-643, -208, 292
-606, -307, 292
-535, -345, 211
-477, -431, 157
-453, -693, 403
-499, -625, 467
-511, -535, 493
-465, -526, 587
-461, -479, 813
-538, -131, 983
-568, 116, 1027
-568, 116, 1027
-516, 186, 975
-494, 397, 1120
-630, 1041, 1354
-645, 1361, 1328
-622, 1474, 1233
-644, 1627, 1222
-650, 1771, 1245
-567, 1734, 1115
-415, 1567, 922
-262, 1233, 866
-145, 1006, 809
-122, 661, 882
-142, 270, 978
-78, -146, 943
-194, -454, 825
-194, -454, 825
-436, -710, 791
-554, -849, 1027
-583, -864, 1237
-541, -913, 1269
-547, -915, 1182
-576, -837, 1109
-589, -783, 1103
-623, -665, 1152
-645, -567, 1244
-,-,-
-836, 186, 436
-834, 211, 343
-799, 40, 384
-799, 40, 384
-767, -55, 480
-788, -54, 593
-775, 50, 384
-772, 34, 356
-785, 49, 399
-785, 49, 399
-739, -54, 421
-667, -138, 365
-582, -165, 182
-575, -213, 169
-601, -225, 154
-559, -368, 286
-495, -565, 399
-537, -515, 399
-579, -465, 521
-579, -465, 521
-532, -447, 670
-501, -300, 841
-517, -56, 951
-576, 187, 1060
-575, 405, 1065
-515, 470, 1021
-548, 649, 1137
-632, 969, 1170
-700, 1146, 1200
-670, 1175, 1078
-572, 1122, 951
-567, 1227, 1049
-565, 1361, 1103
-513, 1420, 1012
-412, 1363, 913
-308, 1233, 853
-308, 1233, 853
-223, 979, 876
-161, 738, 806
-144, 500, 774
-193, 206, 847
-246, -145, 962
-281, -552, 1003
-373, -830, 965
-477, -1005, 1097
-554, -1066, 1267
-605, -1015, 1323
-693, -798, 1231
-,-,-
-831, 148, 456
-826, 162, 647
-826, 162, 647
-778, 164, 479
-763, 96, 441
-783, 74, 542
-755, -52, 565
-721, 8, 376
-704, 26, 313
-704, 26, 313
-714, 23, 344
-685, -86, 448
-604, -177, 332
-574, -221, 284
-557, -290, 326
-576, -338, 419
-530, -516, 359
-530, -516, 359
-483, -629, 436
-469, -572, 589
-522, -380, 782
-619, -89, 980
-637, 100, 1036
-588, 237, 1073
-537, 423, 1086
-577, 655, 1144
-665, 866, 1211
-683, 1015, 1138
-606, 982, 1043
-533, 939, 1020
-553, 1080, 1149
-565, 1250, 1077
-510, 1315, 946
-510, 1315, 946
-413, 1241, 852
-331, 1160, 858
-259, 994, 839
-205, 842, 683
-185, 627, 684
-211, 426, 731
-267, 191, 816
-274, -123, 908
-278, -475, 951
-278, -475, 951
-402, -747, 1066
-551, -894, 1142
-592, -999, 1219
-574, -995, 1231
-581, -949, 1237
-598, -773, 1058
-597, -597, 951
-656, -355, 971
-,-,-
-815, 182, 427
-815, 182, 427
-793, 170, 399
-774, 111, 482
-807, 97, 626
-799, 151, 422
-805, 146, 291
-818, 117, 396
-773, 13, 481
-773, 13, 481
-701, 0, 374
-626, -105, 292
-622, -197, 327
-636, -268, 306
-645, -274, 269
-570, -424, 302
-489, -559, 387
-489, -559, 387
-541, -455, 433
-583, -337, 555
-599, -300, 783
-619, -202, 836
-626, -56, 813
-618, 100, 912
-527, 141, 945
-486, 263, 1005
-559, 596, 1056
-633, 847, 1117
-613, 1004, 1159
-597, 1136, 1269
-594, 1254, 1349
-594, 1254, 1349
-584, 1291, 1265
-560, 1365, 1104
-490, 1338, 1049
-322, 1206, 1010
-158, 1012, 921
-57, 815, 729
-54, 586, 639
-133, 432, 750
-243, 361, 930
-222, 115, 908
-225, -382, 893
-345, -785, 1088
-445, -919, 1169
-445, -919, 1169
-451, -1068, 1119
-533, -1301, 1306
-561, -1154, 1224
-593, -968, 1122
-630, -756, 1076
-741, -442, 1102
-808, -218, 1094
-,-,-
-750, 160, 175
-822, 110, 661
-814, 115, 659
-771, 139, 445
-777, 92, 439
-824, 53, 532
-824, 53, 532
-841, 27, 653
-797, 100, 476
-773, 95, 415
-757, 35, 456
-686, -105, 422
-576, -224, 229
-576, -224, 229
-521, -357, 236
-495, -428, 281
-496, -507, 241
-460, -665, 219
-465, -637, 340
-531, -396, 573
-577, -165, 694
-582, -158, 816
-594, -69, 961
-636, 245, 1094
-624, 499, 1189
-634, 679, 1232
-634, 679, 1232
-668, 780, 1196
-636, 774, 1136
-646, 935, 1202
-667, 1139, 1239
-674, 1278, 1218
-644, 1319, 1084
-554, 1328, 1012
-404, 1303, 945
-255, 1195, 808
-172, 1012, 627
-215, 845, 541
-202, 653, 567
-162, 411, 856
-140, 243, 994
-140, 243, 994
-162, -14, 986
-215, -416, 1017
-286, -737, 1133
-334, -974, 1226
-387, -1095, 1226
-472, -1083, 1101
-552, -1054, 1103
-593, -961, 1045
-658, -783, 1143
-738, -593, 1193
-,-,-
-807, 168, 291
-801, 0, 780
-754, -94, 751
-685, -80, 420
-726, -35, 492
-726, -35, 492
-793, 24, 613
-807, 2, 702
-783, 26, 613
-712, -25, 448
-687, -67, 411
-687, -67, 411
-641, -176, 504
-576, -232, 428
-510, -322, 352
-462, -346, 252
-508, -358, 433
-563, -404, 611
-541, -452, 575
-470, -390, 520
-438, -281, 610
-502, -50, 780
-579, 180, 890
-579, 180, 890
-572, 378, 964
-585, 677, 1151
-665, 914, 1336
-718, 1041, 1339
-681, 1020, 1251
-650, 1109, 1162
-611, 1314, 1113
-545, 1345, 1199
-430, 1308, 1049
-314, 1198, 932
-225, 1108, 804
-168, 955, 748
-163, 804, 795
-136, 622, 799
-136, 622, 799
-140, 417, 859
-212, 168, 936
-216, -277, 939
-212, -697, 1050
-244, -949, 1192
-350, -1061, 1246
-463, -1072, 1175
-541, -1020, 1155
-591, -927, 1239
-,-,-
-732, 81, 597
-680, 110, 393
-719, 128, 347
-751, 72, 598
-751, 72, 598
-767, 26, 692
-759, 109, 515
-777, 91, 540
-800, 70, 619
-800, 70, 619
-808, 91, 653
-784, 72, 590
-770, 71, 527
-760, 34, 512
-738, 6, 491
-738, 6, 491
-701, -14, 477
-616, -133, 408
-515, -271, 301
-455, -396, 189
-403, -542, 248
-381, -690, 402
-339, -689, 232
-297, -672, 242
-297, -672, 242
-299, -598, 630
-433, -163, 1038
-572, 344, 1062
-592, 520, 1071
-534, 556, 1122
-615, 883, 1347
-708, 1304, 1388
-673, 1402, 1249
-631, 1398, 1164
-630, 1498, 1163
-600, 1579, 1124
-495, 1572, 1016
-360, 1426, 947
-226, 1157, 924
-140, 910, 907
-147, 771, 833
-162, 482, 808
-162, 482, 808
-173, 54, 961
-211, -311, 1024
-223, -571, 933
-317, -848, 960
-413, -1026, 1083
-480, -1072, 1202
-485, -978, 1191
-483, -957, 1156
-523, -906, 1042
-636, -638, 1053
-752, -257, 1181
-,-,-
-785, 173, 321
-795, 81, 899
-742, 153, 673
-618, 143, 238
-618, 143, 238
-675, -29, 448
-759, 10, 541
-782, 19, 623
-758, 100, 498
-754, 123, 393
-736, 17, 487
-736, 17, 487
-687, -111, 550
-599, -250, 384
-532, -401, 286
-512, -514, 353
-467, -572, 436
-410, -572, 424
-365, -606, 451
-362, -582, 524
-413, -433, 746
-461, -107, 819
-533, 271, 988
-533, 271, 988
-634, 535, 1242
-699, 767, 1361
-716, 976, 1358
-701, 1156, 1319
-720, 1350, 1306
-681, 1356, 1205
-585, 1253, 1142
-492, 1196, 1049
-367, 1171, 866
-281, 1121, 830
-238, 1055, 749
-251, 942, 749
-202, 852, 693
-155, 698, 850
-155, 698, 850
-182, 347, 1053
-222, -116, 955
-190, -681, 962
-232, -1030, 1359
-354, -1032, 1538
-502, -990, 1318
-534, -1024, 1007
-538, -1012, 893
-534, -862, 869
-526, -657, 931
-536, -426, 973
-531, -355, 954
-545, -344, 935
-649, -160, 1037
-,-,-
-823, 92, 529
-743, 63, 546
-721, 24, 414
-746, -4, 476
-746, -4, 476
-797, 10, 555
-806, 6, 564
-782, 78, 429
-773, 86, 350
-773, 86, 350
-783, 49, 431
-757, -28, 465
-722, -33, 449
-705, -24, 429
-709, 10, 447
-690, -78, 419
-690, -78, 419
-600, -213, 340
-441, -578, 231
-390, -810, 304
-418, -749, 256
-425, -701, 322
-357, -688, 503
-375, -505, 896
-441, -171, 1090
-513, 215, 1155
-576, 525, 1261
-652, 825, 1364
-682, 1090, 1355
-682, 1250, 1393
-608, 1263, 1351
-546, 1282, 1294
-546, 1282, 1294
-490, 1293, 1181
-395, 1219, 982
-344, 1217, 899
-298, 1253, 909
-218, 1239, 896
-149, 1072, 895
-69, 867, 827
-24, 687, 831
-76, 492, 921
-97, 182, 948
-97, 182, 948
-63, -234, 944
-176, -526, 1027
-375, -801, 1133
-501, -1117, 1167
-544, -1296, 1204
-518, -1337, 1024
-557, -1261, 1073
-605, -988, 977
-641, -709, 942
-688, -451, 932
-,-,-
-842, 190, 412
-842, 190, 412
-899, 56, 766
-829, 64, 577
-781, 66, 263
-823, -8, 373
-829, -35, 448
-829, -35, 448
-799, -103, 516
-694, -135, 325
-584, -247, 235
-540, -437, 326
-512, -536, 382
-446, -555, 271
-372, -560, 226
-409, -571, 381
-482, -436, 594
-520, -219, 653
-503, -7, 728
-503, -7, 728
-472, 72, 900
-518, 256, 1176
-630, 653, 1304
-721, 955, 1329
-745, 1101, 1237
-698, 1124, 1247
-593, 1226, 1269
-511, 1365, 1245
-410, 1356, 1038
-365, 1241, 896
-335, 1263, 765
-270, 1269, 813
-215, 1184, 841
-191, 989, 843
-191, 989, 843
-136, 711, 823
-91, 403, 854
-91, 154, 744
-154, -183, 770
-213, -607, 963
-287, -948, 1210
-338, -1080, 1361
-428, -1050, 1236
-563, -1069, 1222
-559, -1150, 1225
-581, -1018, 1246
-613, -773, 1256
-644, -545, 1313
-,-,-
-709, 128, 358
-700, 154, 265
-738, 119, 466
-744, 2, 705
-724, -52, 762
-724, -52, 762
-737, 92, 568
-776, 109, 465
-827, 100, 470
-834, 65, 588
-789, 111, 508
-806, 122, 570
-806, 122, 570
-807, 112, 548
-798, 84, 513
-770, 11, 489
-664, -138, 375
-573, -213, 276
-528, -277, 299
-498, -382, 242
-473, -625, 237
-381, -872, 273
-381, -872, 273
-351, -778, 271
-374, -574, 410
-477, -304, 672
-551, -35, 861
-569, 139, 972
-655, 528, 1179
-712, 830, 1349
-720, 918, 1408
-715, 948, 1321
-687, 946, 1243
-665, 1046, 1249
-611, 1165, 1138
-517, 1161, 935
-517, 1161, 935
-482, 1138, 930
-486, 1234, 1020
-454, 1399, 1036
-350, 1287, 931
-241, 1015, 804
-146, 551, 809
-191, 107, 794
-182, -363, 739
-154, -819, 922
-206, -1134, 998
-354, -1286, 1062
-474, -1334, 1178
-535, -1209, 1195
-609, -893, 1240
-649, -627, 1222
-,-,-
-833, 114, 636
-848, 151, 561
-848, 151, 561
-772, 162, 406
-757, 46, 401
-799, -14, 539
-823, -30, 644
-782, 19, 484
-749, 32, 334
-749, 32, 334
-741, -23, 409
-685, -121, 432
-574, -266, 353
-445, -358, 155
-459, -435, 183
-437, -614, 250
-383, -774, 280
-337, -675, 317
-342, -545, 512
-332, -488, 774
-332, -488, 774
-370, -317, 978
-459, 92, 1091
-554, 578, 1138
-604, 816, 1137
-673, 804, 1362
-741, 1022, 1539
-722, 1367, 1446
-709, 1591, 1494
-686, 1652, 1494
-567, 1584, 1293
-376, 1389, 1063
-265, 1268, 1086
-175, 1105, 976
-110, 785, 821
-128, 425, 599
-103, -33, 727
-103, -33, 727
-44, -428, 958
-110, -723, 1006
-286, -1013, 886
-381, -1161, 954
-438, -1150, 1204
-461, -1095, 1266
-500, -928, 1075
-528, -766, 870
-574, -603, 938
-594, -418, 1010
-620, -226, 1101
-660, -80, 1177
-728, 12, 1323
-,-,-
-770, 82, 443
-835, 52, 810
-789, 86, 576
-725, 22, 411
-749, -34, 504
-749, -34, 504
-821, 28, 600
-834, 72, 542
-832, 69, 443
-835, 24, 449
-822, 4, 517
-822, 4, 517
-766, -73, 561
-702, -66, 449
-656, -139, 380
-536, -318, 321
-431, -545, 240
-391, -662, 90
-391, -662, 82
-394, -672, 82
-364, -761, 220
-295, -903, 422
-367, -700, 639
-490, -285, 652
-582, 100, 821
-675, 414, 1149
-719, 689, 1395
-713, 890, 1481
-671, 948, 1398
-670, 1013, 1334
-707, 1174, 1292
-679, 1269, 1247
-569, 1269, 1069
-569, 1274, 1069
-438, 1170, 872
-379, 1092, 824
-319, 1103, 752
-248, 1117, 700
-185, 990, 679
-190, 857, 708
-199, 667, 824
-224, 380, 946
-277, -8, 944
-277, -8, 944
-283, -510, 988
-277, -926, 1122
-382, -1068, 1212
-485, -1112, 1179
-519, -1237, 1139
-546, -1209, 1180
-567, -971, 1070
-593, -642, 985
-624, -371, 987
-688, -99, 1038
-728, 63, 1113
-,-,-
-795, 193, 229
-777, -116, 798
-823, -80, 820
-745, -11, 570
-737, -41, 557
-737, -41, 557
-827, -61, 666
-879, -37, 767
-863, 58, 679
-832, 120, 582
-813, 88, 567
-765, -11, 608
-765, -11, 608
-693, -54, 517
-566, -229, 376
-451, -355, 217
-430, -448, 186
-440, -568, 288
-433, -635, 334
-366, -727, 472
-347, -696, 607
-455, -499, 731
-538, -269, 693
-548, -56, 742
-548, -56, 742
-568, 253, 931
-647, 712, 1161
-703, 1022, 1237
-682, 1070, 1151
-618, 1000, 1088
-603, 1099, 1165
-601, 1317, 1186
-552, 1465, 1094
-470, 1409, 979
-422, 1242, 887
-460, 1245, 829
-392, 1194, 795
-246, 981, 815
-158, 678, 890
-166, 407, 832
-166, 407, 832
-177, 105, 812
-208, -267, 924
-252, -636, 1059
-253, -967, 1018
-335, -1165, 1096
-462, -1165, 1207
-535, -1042, 1265
-552, -952, 1255
-567, -843, 1190
-629, -629, 1120
-,-,-
-855, 97, 503
-856, 101, 596
-816, 157, 409
-749, 88, 494
-713, 30, 511
-739, -20, 522
-739, -20, 522
-750, -45, 587
-756, 56, 502
-764, 114, 457
-795, 121, 530
-799, 103, 548
-774, 103, 491
-774, 103, 491
-732, 54, 391
-694, -26, 363
-598, -156, 284
-483, -337, 117
-426, -641, 68
-380, -892, 159
-333, -957, 326
-292, -929, 442
-345, -907, 602
-345, -907, 602
-464, -523, 841
-523, -27, 1083
-512, 375, 1308
-560, 699, 1579
-663, 1008, 1655
-686, 1158, 1521
-657, 1210, 1273
-622, 1315, 1044
-554, 1354, 910
-491, 1371, 878
-452, 1352, 832
-382, 1284, 830
-268, 1281, 808
-183, 1177, 873
-161, 1022, 840
-96, 795, 777
-96, 795, 777
-43, 453, 822
-97, 145, 1076
-124, -224, 1053
-157, -662, 1066
-251, -947, 1122
-353, -1105, 1281
-438, -1130, 1330
-498, -1069, 1300
-548, -1001, 1229
-573, -889, 1157
-615, -701, 1223
-639, -530, 1254
-,-,-
-795, 187, 66
-844, -67, 860
-818, -140, 1083
-715, 91, 466
-706, 30, 487
-706, 30, 487
-795, 41, 593
-844, 42, 669
-823, 69, 650
-774, 91, 495
-814, 35, 670
-814, 35, 670
-813, 72, 619
-796, 84, 601
-763, 24, 620
-729, 47, 505
-729, 47, 505
-736, 14, 498
-701, -51, 439
-642, -168, 441
-520, -369, 334
-428, -615, 216
-394, -907, 311
-344, -969, 301
-295, -855, 361
-351, -607, 592
-351, -607, 592
-464, -274, 889
-506, 57, 917
-552, 422, 998
-597, 694, 1094
-671, 877, 1198
-668, 946, 1171
-639, 1102, 1093
-595, 1250, 1131
-498, 1271, 1102
-439, 1289, 1060
-389, 1362, 937
-364, 1449, 923
-294, 1422, 902
-213, 1251, 896
-213, 1251, 896
-155, 986, 699
-98, 640, 646
-89, 274, 878
-151, 6, 1177
-201, -247, 1183
-211, -597, 986
-314, -939, 1044
-444, -1139, 1145
-502, -1285, 1169
-508, -1245, 1241
-554, -1078, 1326
-577, -805, 1286
-,-,-
-853, 145, 426
-861, 9, 877
-799, 86, 596
-799, 86, 596
-755, 139, 443
-773, 48, 570
-819, 26, 753
-788, -7, 653
-751, 28, 483
-751, 28, 483
-764, 34, 491
-775, 34, 503
-780, 33, 620
-689, -38, 455
-587, -169, 252
-587, -169, 252
-513, -381, 247
-433, -597, 227
-377, -714, 238
-329, -793, 164
-294, -930, 320
-280, -837, 567
-337, -403, 774
-438, 54, 851
-537, 255, 1084
-585, 443, 1303
-677, 834, 1457
-677, 834, 1457
-766, 1204, 1385
-770, 1234, 1234
-731, 1106, 1192
-662, 1058, 1212
-612, 1281, 1180
-515, 1354, 1063
-426, 1302, 1006
-304, 1245, 866
-185, 1180, 859
-68, 1109, 758
-4, 933, 597
-82, 705, 439
-131, 232, 656
-131, 232, 656
-189, -333, 1151
-354, -693, 1003
-440, -1218, 1072
-426, -1550, 1561
-480, -1336, 1709
-570, -1062, 1523
-671, -862, 1281
-732, -733, 1194
-,-,-
-760, 202, 159
-803, 53, 421
-798, -76, 722
-793, -27, 697
-754, 32, 589
-805, 37, 580
-805, 37, 590
-853, 66, 590
-818, 16, 614
-746, -8, 514
-690, -69, 435
-657, -167, 378
-645, -221, 387
-572, -344, 327
-572, -344, 327
-477, -541, 345
-428, -665, 303
-434, -684, 382
-455, -584, 469
-451, -428, 525
-442, -262, 588
-440, -107, 732
-442, 59, 982
-471, 403, 1124
-585, 829, 1205
-642, 971, 1274
-642, 971, 1274
-606, 977, 1265
-614, 1173, 1262
-625, 1307, 1234
-559, 1212, 1217
-487, 1085, 1098
-441, 1128, 978
-370, 1218, 968
-282, 1164, 996
-235, 1049, 988
-178, 906, 882
-126, 784, 794
-156, 497, 820
-209, -33, 917
-209, -33, 917
-188, -645, 897
-263, -1077, 976
-366, -1368, 1191
-426, -1396, 1406
-509, -1229, 1430
-618, -1022, 1266
-737, -752, 1159
-,-,-
-801, 132, 470
-825, 92, 607
-816, 104, 547
-773, 1, 467
-757, -118, 520
-757, -118, 520
-786, -126, 615
-822, 24, 617
-796, 68, 512
-772, 40, 543
-744, -38, 591
-667, -156, 556
-555, -284, 391
-480, -469, 271
-480, -469, 271
-430, -597, 190
-424, -686, 282
-438, -695, 330
-380, -773, 317
-336, -746, 472
-343, -502, 701
-419, -67, 930
-464, 278, 1077
-507, 615, 1286
-600, 1002, 1521
-638, 1306, 1554
-630, 1474, 1427
-577, 1462, 1213
-495, 1362, 1222
-406, 1394, 1127
-309, 1382, 988
-274, 1317, 883
-274, 1317, 883
-267, 1218, 863
-225, 1070, 838
-130, 850, 908
-68, 570, 1011
-126, 335, 815
-212, -32, 739
-245, -468, 933
-276, -808, 1174
-341, -1123, 1177
-426, -1269, 1159
-531, -1258, 1276
-655, -1039, 1337
-683, -848, 1237
-708, -623, 1146
-735, -492, 1206
-761, -412, 1274
-,-,-
-820, 65, 315
-865, -34, 796
-881, -49, 791
-762, 28, 397
-746, 5, 455
-746, 5, 455
-794, -14, 626
-815, -50, 742
-784, -3, 615
-728, -10, 469
-712, -53, 507
-712, -53, 507
-668, -154, 526
-590, -293, 390
-505, -403, 302
-429, -576, 279
-411, -689, 331
-472, -616, 297
-444, -632, 283
-456, -554, 518
-537, -311, 811
-566, -50, 965
-551, 132, 1052
-551, 132, 1052
-456, 162, 1086
-500, 536, 1360
-563, 982, 1482
-555, 1197, 1404
-531, 1229, 1218
-570, 1407, 1060
-587, 1547, 1062
-531, 1558, 966
-393, 1401, 884
-242, 1177, 793
-146, 1043, 770
-152, 965, 794
-127, 801, 794
-179, 509, 879
-179, 509, 879
-249, 109, 917
-227, -451, 1047
-205, -862, 1084
-265, -1144, 1107
-351, -1426, 1203
-394, -1478, 1242
-438, -1269, 1214
-510, -951, 1176
-555, -660, 1101
-,-,-
-841, 153, 263
-877, 48, 774
-877, 48, 774
-805, -68, 718
-711, 1, 377
-731, -47, 370
-780, -3, 426
-775, -54, 505
-775, -54, 505
-757, -24, 491
-707, 28, 383
-695, 11, 386
-655, -93, 492
-540, -253, 332
-454, -434, 207
-474, -537, 171
-474, -537, 171
-526, -567, 183
-462, -686, 304
-434, -627, 598
-453, -458, 702
-494, -305, 787
-463, -307, 857
-559, 107, 1088
-671, 702, 1200
-713, 931, 1294
-701, 942, 1397
-685, 1035, 1381
-658, 1042, 1316
-611, 975, 1324
-518, 844, 1195
-451, 778, 1072
-451, 778, 1072
-432, 819, 962
-423, 905, 954
-387, 991, 935
-324, 990, 906
-220, 854, 802
-217, 709, 758
-333, 441, 729
-333, 441, 729
-359, 110, 724
-261, -206, 841
-299, -431, 1064
-452, -670, 1004
-534, -980, 979
-542, -1155, 1046
-556, -1179, 1147
-603, -1142, 1176
-676, -906, 1174
-,-,-
-852, 159, 402
-899, 14, 692
-849, -7, 716
-849, -7, 716
-753, 31, 427
-782, 73, 491
-785, -48, 576
-784, -128, 697
-736, -113, 536
-709, -102, 451
-729, -130, 545
-729, -130, 545
-669, -251, 470
-606, -367, 387
-607, -383, 336
-624, -380, 365
-578, -419, 381
-526, -532, 449
-540, -485, 467
-556, -409, 584
-587, -179, 772
-591, 84, 882
-625, 289, 976
-625, 289, 976
-681, 545, 1028
-626, 542, 1064
-572, 563, 1142
-632, 793, 1170
-668, 975, 1112
-640, 1026, 938
-584, 1049, 781
-525, 1038, 855
-515, 1204, 968
-456, 1359, 893
-370, 1313, 792
-332, 1135, 736
-332, 1135, 736
-300, 851, 803
-277, 552, 872
-271, 227, 896
-329, -193, 1014
-407, -694, 1046
-422, -1193, 1123
-423, -1431, 1343
-469, -1322, 1336
-547, -1089, 1173
-594, -818, 984
-624, -561, 877
-653, -256, 889
-,-,-
-771, 74, 481
-892, 65, 695
-892, 65, 695
-854, 132, 482
-794, 83, 480
-740, -25, 485
-743, -32, 504
-773, -31, 572
-784, 20, 576
-784, 20, 576
-702, -2, 446
-691, -51, 421
-710, -81, 513
-650, -199, 479
-541, -360, 520
-476, -362, 398
-475, -404, 332
-475, -427, 348
-475, -427, 348
-440, -496, 382
-399, -549, 361
-435, -509, 561
-430, -351, 631
-483, -80, 860
-634, 307, 1104
-781, 643, 1311
-799, 890, 1479
-793, 1130, 1539
-763, 1181, 1465
-685, 1084, 1287
-566, 1038, 1055
-475, 1106, 844
-407, 1240, 764
-359, 1393, 795
-359, 1393, 795
-289, 1366, 675
-234, 1203, 623
-213, 1012, 617
-227, 767, 647
-274, 300, 723
-252, -364, 906
-271, -837, 1028
-343, -1147, 1266
-482, -1232, 1356
-565, -1152, 1249
-657, -995, 1144
-724, -739, 1101
-731, -500, 1053
-703, -316, 995
-703, -151, 924
-709, 25, 929
-685, 117, 937
-685, 117, 937
-663, 155, 958
-628, 136, 926
-,-,-
-886, 214, 235
-826, -8, 573
-830, 24, 663
-779, 84, 441
-779, 84, 441
-770, 13, 464
-780, -84, 577
-761, -118, 511
-714, -132, 333
-686, -138, 268
-674, -189, 336
-594, -316, 313
-502, -492, 239
-502, -492, 239
-497, -621, 131
-540, -676, 114
-506, -691, 254
-474, -695, 473
-517, -415, 730
-561, -131, 882
-566, 82, 988
-602, 283, 1124
-684, 614, 1350
-707, 915, 1437
-680, 1027, 1357
-583, 910, 1119
-583, 910, 1119
-571, 891, 1029
-598, 1077, 1151
-561, 1333, 1159
-513, 1488, 1052
-462, 1383, 1033
-382, 1209, 960
-259, 1172, 936
-94, 966, 840
-97, 660, 968
-249, 421, 899
-349, 59, 739
-349, 59, 739
-326, -457, 864
-310, -906, 1116
-433, -1162, 1149
-559, -1345, 1146
-657, -1355, 1299
-681, -1234, 1322
-,-,-
-821, 258, 119
-902, 160, 646
-834, -28, 833
-716, 22, 540
-638, -107, 338
-691, -176, 491
-693, -233, 513
-646, -299, 462
-527, -377, 283
-432, -515, 277
-432, -515, 277
-405, -597, 266
-408, -710, 281
-423, -637, 338
-428, -538, 361
-452, -453, 493
-577, -202, 714
-718, 71, 892
-666, 154, 1016
-566, 237, 1249
-653, 822, 1512
-714, 1332, 1452
-716, 1452, 1301
-674, 1425, 1240
-614, 1549, 1205
-614, 1549, 1205
-518, 1659, 1116
-386, 1557, 931
-256, 1340, 811
-193, 1027, 861
-176, 845, 760
-157, 561, 658
-243, 131, 753
-333, -386, 883
-437, -812, 938
-487, -1126, 889
-566, -1334, 1201
-571, -1415, 1471
-598, -1313, 1535
-635, -1034, 1358
-,-,-
-852, 81, 335
-852, 81, 335
-818, -151, 934
-737, -7, 531
-711, 70, 297
-783, 6, 426
-848, 13, 636
-848, 13, 636
-821, -3, 616
-793, 70, 528
-759, 23, 457
-747, -47, 455
-725, -112, 494
-725, -112, 494
-627, -225, 367
-519, -364, 175
-447, -652, 183
-399, -962, 373
-399, -821, 215
-332, -788, 200
-336, -784, 531
-408, -540, 805
-475, -95, 910
-488, 245, 948
-524, 503, 1154
-524, 503, 1154
-636, 852, 1416
-702, 1192, 1466
-709, 1333, 1379
-745, 1324, 1251
-728, 1283, 1213
-671, 1376, 1243
-566, 1497, 1148
-458, 1471, 1037
-380, 1353, 991
-286, 1171, 901
-183, 1070, 739
-102, 873, 681
-140, 505, 780
-264, 120, 829
-264, -357, 808
-290, -744, 817
-290, -744, 817
-454, -953, 939
-524, -1172, 1054
-492, -1385, 1219
-461, -1388, 1117
-552, -1138, 1123
-654, -771, 1063
-719, -474, 1060
-,-,-
-826, 53, 665
-795, 74, 626
-715, 179, 226
-715, 179, 226
-728, 54, 364
-776, -28, 676
-778, -189, 780
-783, -72, 585
-734, -92, 427
-750, -140, 520
-734, -173, 543
-655, -306, 433
-513, -541, 290
-513, -541, 290
-411, -685, 164
-421, -748, 257
-469, -735, 379
-414, -682, 336
-360, -696, 416
-480, -428, 710
-548, -118, 830
-474, 20, 882
-515, 386, 1179
-672, 882, 1562
-734, 1143, 1540
-716, 1223, 1441
-688, 1251, 1303
-688, 1251, 1303
-636, 1278, 1193
-623, 1398, 1155
-563, 1511, 1064
-455, 1497, 872
-362, 1287, 827
-276, 1104, 807
-212, 1017, 733
-172, 871, 739
-163, 570, 826
-167, 233, 764
-191, -145, 771
-231, -496, 859
-317, -782, 976
-439, -1005, 1074
-488, -1199, 1253
-518, -1258, 1320
-582, -1088, 1274
-622, -866, 1164
-688, -576, 1054
-686, -386, 957
-,-,-
-785, 191, 178
-785, 191, 178
-860, 131, 746
-743, 116, 521
-678, 110, 375
-663, -14, 518
-683, -35, 631
-670, -92, 583
-592, -101, 294
-558, -144, 209
-558, -144, 209
-577, -199, 358
-572, -201, 371
-502, -173, 229
-504, -370, 268
-548, -604, 418
-567, -652, 405
-491, -699, 427
-463, -755, 447
-549, -560, 664
-566, -178, 838
-554, 208, 1068
-560, 437, 1113
-636, 598, 1274
-636, 598, 1274
-720, 931, 1434
-751, 1184, 1511
-738, 1369, 1388
-636, 1258, 1207
-543, 1155, 1102
-513, 1212, 1133
-456, 1284, 1083
-330, 1228, 952
-195, 1019, 868
-141, 910, 800
-132, 893, 808
-208, 784, 833
-324, 445, 843
-311, -86, 869
-311, -86, 869
-331, -520, 897
-350, -1013, 1013
-346, -1582, 1249
-358, -1716, 1201
-448, -1509, 1154
-538, -1124, 1087
-624, -630, 963
-672, -303, 917
-712, -64, 892
-716, -16, 1009
-,-,-
-737, 72, 362
-707, 94, 217
-707, 94, 217
-670, -21, 350
-669, -130, 524
-638, -136, 435
-590, -128, 310
-597, -164, 352
-573, -198, 296
-541, -317, 315
-504, -389, 257
-466, -535, 235
-466, -535, 235
-427, -726, 383
-408, -707, 449
-406, -582, 421
-548, -387, 725
-620, -161, 998
-574, 4, 1188
-553, 321, 1350
-607, 704, 1360
-719, 942, 1386
-754, 1079, 1370
-701, 1229, 1387
-623, 1313, 1360
-576, 1325, 1190
-536, 1236, 1067
-480, 1183, 887
-375, 1118, 851
-375, 1118, 851
-270, 1083, 864
-223, 960, 889
-199, 779, 772
-190, 515, 717
-248, 217, 800
-266, -61, 942
-294, -249, 1027
-351, -442, 1008
-460, -569, 941
-487, -737, 1020
-485, -851, 1134
-495, -838, 1037
-554, -803, 878
-554, -803, 878
-612, -750, 801
-622, -681, 888
-618, -585, 995
-619, -439, 1011
-604, -387, 996
-597, -343, 1024
-,-,-
-937, 256, 601
-830, 103, 658
-773, 70, 482
-766, -48, 604
-788, -95, 709
-788, -95, 709
-816, -16, 655
-819, 44, 541
-796, 28, 457
-764, 15, 386
-699, -81, 378
-588, -153, 323
-588, -153, 323
-480, -250, 210
-412, -499, 152
-369, -785, 62
-302, -940, 54
-267, -844, 218
-371, -658, 476
-479, -490, 675
-563, -205, 936
-585, 203, 1076
-566, 507, 1218
-629, 843, 1446
-629, 843, 1446
-701, 1149, 1568
-746, 1383, 1590
-693, 1571, 1386
-585, 1590, 1253
-501, 1507, 1171
-427, 1354, 1076
-352, 1306, 936
-239, 1174, 874
-197, 1015, 916
-150, 779, 931
-166, 467, 816
-209, -6, 863
-189, -454, 971
-247, -733, 1038
-355, -1065, 812
-417, -1367, 906
-464, -1414, 1239
-470, -1221, 1230
-474, -968, 1040
-541, -715, 906
-588, -503, 888
-588, -503, 888
-656, -276, 1005
-689, -113, 1082
-,-,-
-860, 38, 697
-843, 31, 648
-843, 31, 648
-802, 114, 308
-779, 22, 410
-824, 58, 558
-791, 8, 542
-791, 8, 542
-732, 41, 346
-681, 29, 279
-636, -102, 339
-577, -218, 308
-480, -338, 165
-430, -500, 173
-400, -766, 279
-400, -766, 279
-340, -956, 307
-306, -840, 305
-320, -791, 495
-378, -591, 790
-424, -238, 1084
-517, 354, 1221
-535, 653, 1231
-583, 723, 1407
-675, 1079, 1569
-706, 1448, 1577
-601, 1455, 1476
-559, 1440, 1394
-509, 1415, 1191
-493, 1454, 1090
-418, 1426, 1057
-296, 1304, 1076
-175, 1099, 1011
-76, 786, 949
-26, 429, 853
-26, 429, 853
-72, 120, 760
-108, -260, 799
-205, -625, 1017
-370, -916, 1005
-438, -1286, 896
-444, -1566, 1152
-423, -1544, 1309
-423, -1239, 1172
-446, -825, 980
-515, -470, 869
-584, -231, 1004
-,-,-
-826, 119, 319
-826, 119, 319
-835, 32, 445
-804, -72, 550
-794, -26, 532
-805, 15, 473
-820, 23, 464
-820, 23, 464
-787, 1, 448
-717, -18, 332
-641, -131, 341
-563, -290, 334
-473, -434, 192
-415, -525, 101
-439, -568, 50
-439, -568, 50
-519, -658, 125
-503, -830, 370
-450, -658, 641
-415, -497, 830
-397, -465, 993
-459, -114, 1025
-563, 446, 1114
-606, 840, 1277
-631, 1042, 1519
-606, 993, 1550
-597, 1080, 1395
-594, 1301, 1197
-597, 1463, 1257
-538, 1606, 1163
-392, 1486, 1027
-244, 1278, 918
-163, 1127, 945
-114, 1061, 873
-114, 1061, 873
-54, 912, 815
-79, 578, 904
-202, 228, 796
-293, -203, 761
-266, -848, 973
-213, -1280, 1191
-320, -1285, 1285
-464, -1315, 1286
-555, -1331, 1202
-628, -1089, 1167
-,-,-
-842, 66, 583
-734, -4, 387
-784, 24, 292
-800, 55, 440
-800, 55, 440
-768, -5, 533
-746, -10, 522
-738, -29, 415
-747, -74, 436
-717, -138, 439
-625, -213, 323
-561, -389, 309
-561, -389, 309
-516, -623, 296
-442, -790, 257
-366, -754, 206
-298, -790, 332
-272, -857, 501
-355, -605, 632
-447, -127, 628
-497, 157, 871
-528, 335, 1218
-619, 680, 1521
-649, 957, 1479
-639, 1121, 1358
-641, 1217, 1357
-641, 1217, 1357
-622, 1372, 1379
-525, 1404, 1302
-440, 1401, 1171
-410, 1425, 1113
-332, 1429, 976
-247, 1317, 843
-214, 1085, 913
-178, 855, 962
-86, 645, 865
-63, 336, 781
-173, -37, 744
-267, -493, 835
-265, -892, 939
-265, -892, 939
-232, -1303, 1030
-268, -1551, 1193
-386, -1359, 1257
-496, -989, 1155
-548, -725, 1053
-565, -487, 1006
-531, -303, 975
-510, -217, 1042
-541, -87, 1118
-582, 51, 1082
-,-,-
-797, 149, 252
-825, 172, 276
-821, 146, 431
-791, 28, 564
-763, -38, 516
-728, 0, 343
-728, 0, 343
-734, -5, 397
-705, -36, 454
-634, -82, 358
-537, -251, 203
-501, -505, 155
-483, -597, 192
-483, -597, 192
-423, -612, 175
-373, -705, 250
-444, -675, 409
-503, -578, 456
-476, -539, 489
-470, -340, 737
-516, -29, 1022
-552, 269, 1167
-578, 397, 1361
-593, 638, 1431
-634, 1013, 1489
-671, 1245, 1450
-689, 1331, 1395
-667, 1362, 1353
-625, 1417, 1321
-525, 1352, 1197
-404, 1208, 1037
-318, 1095, 948
-318, 1095, 948
-216, 922, 902
-98, 688, 953
-128, 445, 855
-255, 111, 756
-308, -297, 901
-360, -562, 1068
-497, -708, 1046
-503, -1000, 1049
-434, -1224, 1122
-377, -1242, 1062
-366, -1115, 1057
-417, -821, 983
-532, -436, 880
-,-,-
-945, 93, 607
-898, 55, 607
-870, 147, 330
-838, 61, 231
-810, -126, 344
-765, -246, 530
-689, -221, 377
-584, -267, 197
-584, -267, 197
-476, -447, 328
-374, -730, 351
-346, -681, 274
-340, -587, 183
-332, -592, 236
-329, -609, 420
-402, -564, 808
-516, -87, 788
-514, 44, 781
-531, 214, 1146
-618, 639, 1594
-618, 639, 1594
-675, 1084, 1675
-632, 1221, 1537
-612, 1205, 1378
-637, 1302, 1242
-635, 1424, 1257
-575, 1457, 1164
-458, 1373, 1012
-353, 1207, 1049
-250, 1114, 1029
-134, 1059, 981
3, 853, 868
-18, 592, 788
-198, 386, 799
-338, 139, 913
-338, 139, 913
-270, -443, 880
-240, -1249, 864
-236, -1833, 1077
-321, -1778, 1352
