-,-,-
-746, 406, 633
-743, 350, 518
-804, 298, 621
-771, 163, 792
-771, 163, 792
-729, 151, 708
-716, 162, 630
-745, 145, 678
-747, 117, 735
-738, 133, 667
-724, 168, 619
-699, 217, 606
-699, 217, 606
-641, 236, 802
-588, 472, 719
-536, 835, 723
-489, 1186, 1029
-359, 1411, 1076
-255, 1503, 899
-210, 1464, 802
-149, 1311, 667
-140, 1089, 772
-178, 770, 798
-270, 381, 696
-270, 381, 696
-441, -59, 775
-511, -477, 1017
-516, -954, 1202
-496, -1622, 1209
-522, -1988, 1061
-,-,-
-630, 421, 589
-634, 491, 724
-646, 514, 755
-575, 554, 677
-557, 677, 900
-502, 848, 921
-502, 848, 921
-459, 1047, 816
-444, 1178, 724
-388, 1218, 708
-364, 1154, 827
-354, 1093, 700
-361, 990, 785
-386, 829, 903
-381, 590, 866
-412, 289, 843
-412, 289, 843
-445, -81, 946
-374, -543, 970
-399, -956, 911
-568, -1170, 757
-619, -1525, 741
-544, -1888, 737
-515, -1986, 877
-,-,-
-769, 313, 544
-769, 293, 666
-619, 211, 780
-544, 294, 971
-503, 454, 913
-472, 525, 849
-487, 685, 679
-487, 685, 679
-505, 914, 612
-526, 1160, 637
-502, 1294, 614
-489, 1424, 615
-420, 1486, 530
-319, 1405, 553
-294, 1237, 648
-306, 1047, 790
-251, 720, 975
-214, 301, 1074
-242, -299, 1074
-216, -1103, 1095
-186, -1813, 1175
-262, -1998, 1359
-437, -1989, 1377
-586, -1858, 1108
-595, -1886, 795
-,-,-
-769, 168, 664
-769, 168, 664
-725, 236, 566
-629, 306, 597
-562, 430, 753
-455, 734, 683
-455, 1184, 585
-520, 1505, 769
-500, 1683, 977
-350, 1668, 719
-303, 1498, 714
-303, 1498, 714
-276, 1288, 678
-310, 1006, 717
-297, 629, 786
-267, 56, 949
-249, -604, 1171
-296, -1104, 1142
-370, -1498, 965
-404, -1855, 900
-406, -1922, 927
-463, -1644, 822
-565, -1294, 929
-608, -1238, 883
-,-,-
-734, 282, 769
-734, 282, 769
-676, 297, 800
-590, 577, 619
-471, 557, 704
-426, 643, 952
-424, 924, 887
-429, 1302, 585
-425, 1457, 554
-464, 1521, 641
-464, 1521, 641
-440, 1525, 614
-329, 1433, 534
-287, 1149, 607
-299, 800, 750
-260, 336, 896
-217, -299, 970
-143, -1183, 1143
-127, -1885, 1299
-266, -1991, 1206
-489, -1889, 1188
-637, -1860, 1216
-613, -1835, 1036
-539, -1792, 917
-,-,-
-649, 155, 764
-649, 155, 764
-652, 371, 630
-600, 461, 611
-488, 452, 829
-440, 677, 981
-391, 1068, 719
-421, 1422, 754
-484, 1689, 902
-456, 1780, 722
-378, 1595, 592
-378, 1595, 592
-365, 1381, 701
-295, 1139, 787
-202, 750, 810
-185, 76, 804
-79, -705, 921
-25, -1257, 1245
-159, -1296, 1066
-344, -1378, 862
-486, -1400, 911
-547, -1329, 1013
-534, -1251, 1030
-534, -1288, 984
-655, -1130, 802
-693, -1034, 773
-,-,-
-647, 616, 384
-699, 441, 768
-601, 341, 706
-552, 183, 857
-591, 105, 892
-591, 105, 892
-673, 138, 838
-686, 97, 767
-654, -8, 782
-591, 51, 680
-528, 294, 668
-500, 728, 628
-500, 728, 628
-493, 1174, 678
-492, 1648, 639
-454, 1977, 487
-468, 1996, 533
-359, 1851, 485
-146, 1401, 570
-44, 906, 752
-53, 304, 895
-107, -218, 1188
-78, -669, 1282
-78, -669, 1282
-100, -1318, 1341
-219, -1751, 1341
-333, -1762, 1239
-458, -1606, 1025
-607, -1358, 890
-607, -1358, 890
-527, -1420, 916
-,-,-
-727, 119, 587
-714, 54, 781
-632, 216, 491
-632, 216, 491
-613, 217, 600
-641, 199, 723
-660, 188, 802
-640, 202, 703
-656, 227, 673
-732, 277, 701
-738, 265, 720
-738, 265, 720
-696, 253, 771
-640, 388, 724
-584, 642, 655
-511, 894, 678
-521, 1279, 733
-595, 1771, 608
-540, 1793, 408
-437, 1548, 422
-294, 1233, 532
-294, 1233, 532
-217, 918, 678
-196, 411, 915
-145, -87, 1165
-136, -576, 1368
-216, -1106, 1340
-287, -1532, 1032
-306, -1881, 1072
-358, -1834, 1143
-438, -1564, 1065
-549, -1164, 1066
-,-,-
-561, 442, 639
-673, 474, 764
-724, 393, 856
-688, 225, 865
-688, 225, 865
-645, 197, 814
-643, 215, 839
-677, 196, 902
-680, 145, 913
-647, 156, 751
-661, 130, 784
-686, 121, 825
-686, 121, 825
-656, 70, 793
-616, 91, 690
-611, 90, 658
-615, 159, 701
-593, 356, 663
-523, 603, 507
-523, 603, 507
-515, 984, 567
-543, 1377, 714
-532, 1733, 678
-455, 1822, 592
-368, 1708, 439
-242, 1380, 400
-182, 991, 527
-126, 522, 674
-94, -41, 1038
-94, -41, 1038
-144, -517, 1330
-241, -968, 1257
-353, -1381, 1281
-350, -1642, 1387
-369, -1602, 1389
-464, -1360, 1206
-594, -1008, 949
-,-,-
-757, 826, 807
-667, 733, 383
-676, 497, 688
-623, 324, 828
-626, 243, 824
-626, 243, 824
-602, 156, 742
-606, 163, 678
-630, 174, 709
-627, 129, 838
-603, 103, 832
-575, 90, 709
-624, 191, 771
-624, 191, 771
-618, 343, 690
-565, 555, 586
-541, 831, 469
-555, 1156, 527
-534, 1372, 572
-512, 1539, 507
-421, 1452, 494
-370, 1195, 673
-349, 980, 732
-349, 980, 732
-340, 722, 782
-311, 258, 861
-285, -326, 1099
-284, -787, 1188
-323, -1078, 1294
-395, -1178, 1185
-488, -1199, 903
-592, -1250, 787
-619, -1260, 813
-552, -1294, 863
-556, -1248, 979
-552, -1212, 913
-,-,-
-714, 230, 622
-685, 291, 780
-671, 217, 680
-648, 88, 763
-660, 99, 771
-660, 99, 771
-658, 160, 674
-684, 171, 713
-684, 120, 725
-724, 130, 701
-742, 20, 657
-742, 20, 657
-725, -174, 680
-681, -341, 820
-647, -314, 858
-608, -146, 797
-601, 72, 644
-626, 289, 605
-577, 606, 625
-545, 1110, 568
-545, 1110, 568
-543, 1593, 379
-561, 1757, 505
-515, 1777, 626
-395, 1806, 391
-261, 1655, 315
-241, 1323, 451
-273, 1018, 652
-307, 832, 801
-239, 469, 1011
-169, -91, 1243
-212, -473, 1226
-299, -654, 1220
-367, -880, 1226
-333, -1260, 1081
-293, -1547, 1048
-363, -1514, 1054
-491, -1296, 944
-547, -1130, 966
-558, -1026, 993
-613, -846, 1022
-624, -749, 900
-,-,-
-698, 345, 436
-700, 227, 524
-663, 80, 781
-660, 49, 875
-650, 79, 788
-645, 10, 727
-645, 10, 727
-665, -14, 730
-656, 0, 736
-650, 71, 754
-628, 145, 713
-630, 406, 533
-630, 406, 533
-614, 579, 613
-559, 850, 668
-507, 1151, 653
-525, 1440, 679
-513, 1655, 523
-453, 1649, 438
-405, 1509, 481
-330, 1346, 526
-227, 1002, 763
-154, 390, 1035
-113, -95, 1087
-113, -95, 1087
-151, -480, 1288
-210, -915, 1423
-300, -1408, 1226
-325, -1768, 1123
-352, -1845, 1096
-440, -1621, 1031
-587, -1284, 829
-587, -1284, 829
-,-,-
-681, 229, 514
-681, 229, 514
-667, 162, 623
-664, 123, 801
-705, 239, 817
-668, 232, 703
-617, 185, 596
-625, 219, 663
-625, 219, 663
-605, 332, 758
-544, 593, 634
-510, 844, 558
-532, 1163, 619
-623, 1553, 679
-589, 1678, 637
-457, 1552, 596
-333, 1349, 641
-237, 1091, 742
-132, 686, 833
-132, 686, 833
-133, 234, 836
-124, -207, 991
-148, -642, 1382
-228, -870, 1334
-358, -1159, 1092
-396, -1514, 1031
-404, -1749, 1090
-421, -1753, 1076
-,-,-
-700, 131, 604
-638, 168, 745
-566, 155, 712
-587, 120, 833
-587, 120, 833
-602, 178, 774
-583, 260, 673
-591, 375, 673
-557, 398, 730
-545, 551, 684
-573, 730, 736
-587, 1056, 670
-587, 1056, 670
-551, 1228, 687
-494, 1297, 646
-460, 1320, 666
-424, 1314, 756
-376, 1238, 822
-352, 1013, 908
-338, 590, 893
-256, 72, 921
-215, -437, 1033
-251, -977, 1018
-290, -1469, 936
-326, -1723, 1052
-338, -1762, 1227
-,-,-
-664, 288, 585
-591, 153, 686
-638, 76, 937
-638, 76, 937
-665, 99, 962
-643, 152, 840
-593, 152, 668
-610, 135, 668
-606, 158, 713
-588, 345, 698
-588, 345, 698
-570, 639, 651
-587, 956, 693
-599, 1246, 704
-599, 1454, 754
-575, 1617, 731
-445, 1509, 640
-336, 1189, 715
-276, 1004, 697
-221, 767, 772
-248, 243, 886
-248, 243, 886
-191, -443, 896
-20, -1249, 1132
1, -1710, 1224
-162, -1584, 1150
-386, -1322, 996
-538, -1242, 874
-541, -1303, 952
-449, -1357, 1030
-359, -1326, 945
-,-,-
-677, 188, 799
-673, 160, 870
-673, 160, 870
-650, 242, 749
-671, 248, 633
-716, 233, 629
-699, 193, 748
-634, 250, 649
-630, 308, 683
-647, 383, 653
-647, 383, 653
-645, 418, 739
-594, 624, 712
-554, 876, 639
-533, 1063, 753
-572, 1372, 865
-536, 1605, 666
-420, 1397, 476
-383, 1011, 599
-319, 756, 772
-319, 756, 772
-241, 548, 999
-248, 151, 991
-231, -504, 985
-104, -1045, 1115
-95, -1365, 1331
-177, -1399, 1137
-395, -1403, 952
-432, -1547, 817
-319, -1673, 598
-,-,-
-688, 176, 702
-646, 132, 865
-615, 137, 773
-653, 182, 794
-653, 182, 794
-640, 115, 729
-648, 93, 726
-687, 197, 714
-677, 212, 694
-651, 178, 703
-658, 178, 659
-656, 191, 706
-656, 191, 706
-644, 287, 738
-614, 493, 595
-585, 712, 568
-560, 967, 667
-498, 1226, 649
-514, 1460, 532
-530, 1516, 498
-480, 1455, 594
-480, 1455, 594
-373, 1293, 720
-313, 1075, 816
-286, 630, 905
-198, 118, 1047
-62, -496, 1260
-19, -1091, 1212
-175, -1417, 935
-362, -1490, 947
-466, -1490, 1080
-470, -1420, 1040
-499, -1339, 1147
-,-,-
-626, 620, 713
-626, 620, 713
-599, 406, 957
-579, 374, 989
-520, 324, 889
-544, 311, 736
-618, 297, 719
-619, 250, 658
-622, 242, 712
-622, 242, 712
-629, 261, 734
-645, 226, 899
-632, 211, 801
-639, 186, 709
-635, 134, 743
-631, 146, 854
-584, 146, 791
-584, 146, 791
-554, 242, 620
-580, 416, 615
-574, 690, 711
-496, 1044, 746
-446, 1396, 700
-428, 1529, 725
-365, 1561, 729
-228, 1540, 572
-156, 1277, 569
-156, 1277, 569
-198, 999, 825
-232, 845, 866
-199, 452, 971
-181, -288, 1090
-109, -1174, 1176
-18, -1894, 1356
-75, -1998, 1328
-324, -1827, 1168
-556, -1548, 1172
-556, -1460, 1087
-,-,-
-676, 302, 538
-678, 216, 682
-692, 225, 948
-642, 189, 951
-593, 250, 671
-628, 182, 607
-628, 182, 607
-678, 169, 745
-665, 119, 844
-645, 169, 654
-683, 152, 720
-675, 144, 721
-673, 181, 808
-616, 157, 772
-616, 157, 772
-581, 320, 557
-589, 475, 492
-553, 645, 604
-530, 985, 670
-480, 1274, 583
-489, 1436, 546
-463, 1446, 592
-388, 1403, 656
-341, 1301, 672
-341, 1301, 672
-255, 1019, 746
-160, 705, 840
-201, 389, 977
-231, -27, 1051
-217, -576, 1235
-195, -1217, 1285
-325, -1551, 1294
-510, -1551, 1169
-618, -1419, 1207
-649, -1385, 1284
-,-,-
-693, 365, 504
-664, 295, 818
-625, 246, 890
-586, 206, 891
-586, 206, 891
-590, 181, 764
-605, 144, 701
-643, 163, 695
-669, 189, 680
-640, 151, 585
-657, 99, 741
-652, 61, 820
-652, 61, 820
-665, 129, 816
-652, 190, 664
-656, 301, 569
-669, 437, 699
-652, 706, 871
-514, 914, 658
-514, 914, 658
-491, 1095, 599
-524, 1224, 739
-486, 1298, 735
-360, 1333, 555
-265, 1138, 544
-277, 980, 714
-236, 855, 784
-173, 546, 867
-144, 67, 1031
-144, 67, 1031
-210, -322, 1081
-280, -868, 1070
-287, -1623, 1145
-314, -1997, 1325
-427, -1990, 1433
-,-,-
-708, 129, 648
-631, 155, 695
-625, 155, 674
-645, 85, 806
-645, 85, 806
-641, 81, 789
-634, 128, 694
-663, 176, 665
-684, 145, 682
-694, 135, 777
-657, 163, 698
-657, 163, 698
-619, 254, 696
-592, 367, 586
-578, 441, 678
-569, 736, 710
-509, 1082, 585
-553, 1354, 595
-581, 1445, 679
-487, 1357, 717
-367, 1214, 571
-367, 1214, 571
-270, 970, 637
-206, 719, 868
-192, 537, 922
-230, 215, 891
-241, -221, 971
-215, -640, 1206
-223, -1019, 1278
-358, -1363, 1107
-494, -1583, 1095
-542, -1652, 1211
-547, -1643, 1279
-591, -1506, 1173
-635, -1316, 1078
-,-,-
-693, 283, 229
-701, 172, 794
-653, 128, 949
-569, 198, 769
-546, 153, 755
-546, 153, 755
-589, 171, 706
-641, 187, 734
-663, 192, 733
-659, 196, 705
-647, 170, 778
-640, 181, 751
-650, 192, 736
-650, 192, 736
-659, 206, 668
-662, 247, 688
-639, 315, 733
-574, 422, 785
-501, 648, 701
-501, 990, 581
-533, 1222, 618
-533, 1222, 618
-524, 1410, 671
-412, 1548, 523
-338, 1516, 458
-284, 1249, 564
-230, 982, 683
-197, 645, 838
-113, 181, 1105
-119, -314, 1382
-190, -739, 1324
-342, -1214, 1133
-468, -1638, 1076
-452, -1950, 1182
-447, -1998, 1569
-,-,-
-579, 187, 375
-626, 166, 719
-648, 118, 883
-631, 128, 780
-601, 142, 749
-601, 142, 749
-614, 144, 688
-676, 167, 766
-686, 78, 854
-658, 103, 755
-627, 117, 720
-618, 164, 726
-628, 252, 794
-628, 252, 794
-559, 341, 694
-528, 539, 614
-486, 692, 648
-417, 872, 701
-392, 1163, 663
-445, 1471, 541
-498, 1588, 464
-495, 1477, 489
-361, 1251, 563
-361, 1251, 563
-209, 1005, 763
-114, 669, 928
-145, 325, 1024
-186, 6, 1022
-144, -424, 1147
-206, -918, 1352
-287, -1299, 1315
-359, -1588, 1295
-482, -1644, 1300
-603, -1527, 1201
-621, -1454, 1241
-582, -1303, 1136
-585, -1172, 1116
-572, -1057, 1020
-474, -1007, 912
-,-,-
-722, 198, 694
-674, 176, 775
-597, 101, 729
-568, 155, 693
-594, 169, 742
-594, 169, 742
-647, 194, 822
-628, 201, 709
-614, 216, 649
-619, 234, 670
-632, 258, 754
-613, 380, 704
-614, 565, 659
-614, 565, 659
-618, 777, 704
-561, 1017, 717
-462, 1272, 674
-416, 1425, 717
-492, 1628, 669
-445, 1595, 575
-258, 1222, 609
-168, 800, 684
-170, 401, 843
-236, 91, 1060
-236, 91, 1060
-235, -398, 1153
-115, -1118, 1256
-121, -1497, 1205
-278, -1440, 1038
-575, -1201, 979
-719, -1146, 947
-620, -1287, 924
-532, -1350, 928
-571, -1191, 839
-625, -1121, 830
-583, -1254, 965
-367, -1410, 1073
-,-,-
-713, 261, 615
-710, 294, 516
-659, 161, 706
-659, 161, 706
-646, 119, 785
-671, 191, 741
-642, 166, 691
-666, 118, 833
-672, 87, 839
-662, 81, 746
-662, 81, 746
-650, 72, 640
-665, 75, 676
-654, 105, 770
-577, 213, 656
-502, 449, 492
-504, 749, 586
-504, 749, 586
-520, 1156, 644
-572, 1577, 567
-529, 1684, 547
-428, 1552, 624
-321, 1349, 698
-212, 1162, 683
-160, 713, 841
-207, 251, 994
-167, -191, 1109
-94, -685, 1319
-174, -1059, 1200
-322, -1358, 967
-486, -1509, 855
-558, -1580, 997
-496, -1616, 1074
-496, -1468, 1191
-538, -1248, 1277
-,-,-
-629, 432, 558
-612, 294, 793
-587, 134, 942
-615, 222, 783
-612, 173, 702
-636, 125, 777
-656, 139, 811
-638, 165, 730
-638, 165, 730
-609, 157, 689
-613, 114, 823
-609, 180, 835
-564, 303, 746
-520, 452, 592
-522, 603, 701
-522, 603, 701
-548, 899, 750
-535, 1176, 683
-505, 1390, 673
-485, 1411, 736
-421, 1277, 753
-309, 1044, 873
-210, 855, 918
-178, 683, 985
-205, 339, 968
-226, -111, 1008
-226, -111, 1008
-193, -487, 1047
-176, -879, 1051
-282, -1156, 965
-382, -1367, 977
-451, -1307, 1022
-529, -1060, 992
-573, -893, 928
-,-,-
-416, 628, 629
-427, 607, 845
-436, 656, 958
-436, 656, 958
-489, 651, 939
-510, 503, 942
-539, 446, 829
-590, 396, 839
-620, 320, 870
-599, 218, 871
-564, 91, 822
-564, 91, 822
-588, 195, 717
-613, 211, 748
-606, 168, 777
-605, 142, 842
-580, 144, 775
-589, 130, 765
-589, 130, 765
-567, 170, 593
-536, 146, 593
-568, 256, 763
-570, 402, 770
-541, 529, 651
-524, 583, 721
-534, 641, 950
-534, 641, 950
-563, 864, 988
-459, 993, 682
-429, 915, 791
-414, 1001, 869
-369, 1151, 912
-339, 1052, 921
-378, 914, 926
-436, 779, 893
-436, 779, 893
-460, 470, 818
-382, -237, 846
-278, -852, 903
-220, -1038, 930
-355, -1020, 857
-543, -1178, 767
-547, -1418, 829
-511, -1370, 780
-527, -1290, 914
-540, -1304, 852
-544, -1255, 767
-,-,-
-595, 299, 431
-556, 248, 500
-621, 133, 859
-641, 148, 897
-608, 270, 793
-522, 279, 712
-568, 265, 700
-568, 265, 700
-621, 190, 817
-635, 190, 877
-563, 222, 737
-529, 241, 691
-536, 400, 714
-568, 666, 747
-557, 944, 774
-557, 944, 774
-515, 1117, 847
-465, 1266, 865
-406, 1337, 769
-378, 1417, 779
-315, 1303, 843
-227, 1030, 966
-140, 770, 993
-46, 465, 916
-112, 51, 938
-112, 51, 938
-189, -479, 915
-129, -1100, 1026
-117, -1597, 1119
-270, -1712, 1108
-499, -1590, 1109
-648, -1489, 1143
-698, -1330, 1179
-,-,-
-590, 206, 516
-592, 146, 649
-592, 146, 649
-626, 105, 1026
-610, 149, 968
-560, 155, 839
-573, 182, 791
-615, 208, 779
-613, 191, 824
-560, 182, 822
-549, 297, 827
-549, 297, 827
-562, 517, 715
-520, 658, 640
-457, 825, 685
-466, 1172, 709
-493, 1446, 581
-546, 1481, 577
-483, 1297, 604
-366, 1157, 730
-228, 1014, 880
-228, 1014, 880
-120, 741, 963
-158, 312, 1070
-167, -112, 1163
-35, -637, 1280
-33, -1082, 1344
-187, -1244, 1095
-343, -1387, 1015
-388, -1519, 1098
-378, -1539, 1066
-432, -1386, 980
-,-,-
-654, 324, 503
-625, 332, 523
-612, 92, 793
-637, 81, 943
-611, 181, 795
-611, 181, 795
-574, 256, 573
-632, 268, 632
-628, 225, 708
-601, 355, 667
-541, 537, 587
-533, 711, 689
-546, 867, 778
-546, 867, 778
-542, 1201, 663
-510, 1357, 584
-484, 1300, 587
-422, 1151, 669
-298, 1030, 697
-221, 821, 891
-248, 591, 1070
-218, 234, 983
-206, -124, 929
-261, -457, 1033
-278, -786, 1150
-323, -971, 1135
-404, -1151, 1056
-459, -1429, 1002
-441, -1565, 969
-459, -1417, 988
-496, -1201, 969
-555, -1055, 973
-,-,-
-593, 297, 502
-639, 289, 549
-591, 127, 607
-628, 56, 871
-639, 125, 962
-592, 187, 777
-599, 135, 712
-599, 135, 712
-620, 79, 742
-620, 113, 777
-562, 298, 709
-508, 587, 708
-515, 851, 736
-584, 1115, 810
-584, 1115, 754
-627, 1369, 754
-556, 1401, 755
-387, 1232, 770
-236, 1012, 757
-174, 736, 943
-136, 544, 1010
-108, 328, 903
-158, -85, 955
-174, -478, 979
-201, -686, 962
-310, -869, 990
-310, -869, 990
-435, -1051, 994
-471, -1283, 1022
-473, -1424, 1172
-535, -1407, 1229
-,-,-
-691, 150, 863
-615, 215, 581
-585, 204, 748
-585, 204, 748
-582, 73, 928
-602, 33, 1015
-562, 72, 765
-570, 100, 676
-642, 189, 766
-655, 224, 774
-655, 224, 774
-623, 329, 717
-606, 414, 759
-601, 631, 767
-571, 862, 688
-520, 934, 699
-486, 1024, 772
-428, 1147, 710
-434, 1171, 658
-434, 1171, 658
-412, 1045, 697
-334, 861, 770
-246, 680, 794
-207, 465, 839
-210, 161, 900
-249, -97, 965
-287, -347, 974
-349, -675, 903
-412, -975, 1077
-423, -1181, 1289
-468, -1357, 1342
-530, -1411, 1298
-562, -1337, 1036
-611, -1214, 855
-657, -1060, 813
-669, -996, 854
-606, -958, 825
-530, -942, 793
-,-,-
-665, 165, 763
-688, 53, 881
-688, 53, 881
-632, 134, 684
-609, 121, 657
-664, 105, 721
-711, 132, 811
-671, 164, 728
-673, 176, 688
-673, 176, 688
-730, 187, 702
-734, 109, 817
-684, 105, 731
-684, 144, 661
-675, 107, 751
-658, 243, 745
-621, 458, 630
-621, 458, 630
-572, 687, 590
-556, 926, 662
-550, 1215, 744
-446, 1341, 734
-351, 1275, 659
-342, 1187, 639
-297, 1057, 650
-214, 795, 742
-246, 552, 859
-246, 552, 859
-302, 270, 1011
-284, -75, 1168
-292, -405, 1198
-332, -743, 1069
-411, -1039, 1075
-423, -1350, 1113
-419, -1576, 1096
-426, -1725, 1086
-,-,-
-620, 415, 500
-621, 210, 1014
-565, 401, 849
-565, 401, 849
-516, 430, 624
-537, 294, 771
-562, 266, 837
-551, 318, 800
-525, 369, 701
-578, 329, 761
-627, 280, 829
-627, 280, 829
-606, 259, 750
-573, 285, 624
-635, 182, 703
-665, 55, 763
-676, 40, 893
-632, -1, 847
-632, -1, 847
-591, 73, 772
-562, 227, 562
-608, 347, 641
-587, 496, 769
-539, 693, 819
-486, 693, 764
-486, 841, 764
-474, 863, 729
-461, 859, 706
-407, 896, 737
-354, 971, 794
-366, 1021, 844
-385, 945, 950
-369, 774, 996
-369, 774, 996
-364, 667, 914
-317, 380, 844
-377, -161, 851
-415, -976, 768
-196, -1842, 799
-167, -1998, 1154
-341, -1777, 1316
-578, -1370, 1312
-,-,-
-737, 339, 561
-677, 120, 801
-605, 32, 1007
-605, 32, 1007
-576, 144, 926
-564, 170, 777
-592, 137, 690
-606, 143, 683
-611, 192, 745
-623, 239, 742
-631, 177, 751
-631, 177, 751
-623, 175, 755
-630, 211, 734
-640, 373, 675
-637, 436, 793
-581, 558, 738
-531, 730, 763
-489, 915, 814
-489, 915, 814
-458, 1136, 837
-447, 1245, 706
-424, 1186, 725
-368, 1090, 720
-285, 906, 743
-230, 658, 868
-207, 368, 934
-253, 98, 921
-253, 98, 921
-350, -326, 820
-332, -960, 818
-289, -1446, 1108
-372, -1517, 1219
-566, -1479, 1175
-658, -1560, 1209
-563, -1669, 1164
-,-,-
-696, 89, 949
-696, 89, 949
-579, 146, 802
-569, 130, 717
-636, 133, 744
-670, 122, 810
-630, 173, 716
-630, 173, 716
-606, 226, 619
-632, 226, 665
-641, 192, 739
-650, 287, 748
-608, 426, 698
-553, 559, 730
-537, 663, 727
-537, 663, 727
-527, 788, 859
-479, 992, 832
-423, 1218, 676
-470, 1289, 681
-478, 1202, 672
-356, 975, 713
-227, 765, 775
-193, 535, 978
-193, 535, 978
-183, 232, 1063
-236, -135, 961
-278, -728, 740
-350, -1376, 891
-420, -1688, 1358
-584, -1671, 1587
-697, -1714, 1401
-735, -1664, 1182
-,-,-
-613, 128, 519
-659, -2, 734
-659, -2, 734
-676, -52, 980
-671, 98, 779
-592, 48, 675
-607, 15, 751
-607, 15, 751
-628, -4, 869
-619, 64, 770
-577, 132, 660
-587, 204, 775
-574, 428, 729
-513, 616, 753
-513, 616, 753
-481, 842, 784
-502, 1112, 768
-576, 1356, 771
-597, 1485, 676
-537, 1390, 661
-385, 1137, 634
-300, 801, 747
-251, 429, 818
-194, 20, 911
-194, 20, 911
-121, -385, 1045
-127, -694, 1116
-274, -769, 1026
-428, -799, 993
-509, -904, 940
-522, -1022, 928
-570, -1133, 923
-629, -1165, 898
-650, -1259, 966
-589, -1354, 1070
-,-,-
-684, 205, 632
-684, 205, 632
-647, 83, 736
-658, 26, 959
-671, 198, 737
-634, 216, 609
-650, 165, 703
-643, 128, 793
-643, 128, 793
-617, 186, 725
-608, 275, 649
-633, 325, 689
-626, 442, 729
-579, 639, 641
-567, 910, 603
-553, 1049, 747
-553, 1049, 747
-499, 1168, 696
-447, 1364, 678
-374, 1377, 569
-281, 1104, 545
-275, 842, 537
-328, 666, 613
-359, 474, 963
-274, 244, 1149
-178, -209, 1140
-316, -554, 1187
-449, -729, 1217
-482, -859, 1254
-438, -1113, 1106
-500, -1441, 970
-506, -1680, 927
-423, -1683, 853
-376, -1534, 878
-,-,-
-792, 363, 458
-756, 290, 574
-691, 186, 693
-630, 190, 796
-623, 214, 805
-617, 183, 722
-650, 166, 651
-675, 216, 661
-675, 216, 661
-680, 283, 685
-648, 319, 644
-640, 368, 641
-672, 630, 616
-688, 873, 665
-664, 1080, 660
-623, 1235, 694
-539, 1365, 660
-461, 1448, 562
-461, 1448, 562
-433, 1309, 570
-358, 1045, 670
-226, 708, 679
-238, 429, 738
-343, 164, 838
-374, -161, 967
-365, -594, 987
-407, -1040, 936
-503, -1284, 1119
-533, -1427, 1218
-599, -1397, 1219
-694, -1348, 1129
-679, -1295, 1037
-,-,-
-688, 237, 811
-644, 331, 649
-647, 264, 600
-662, 179, 826
-657, 197, 858
-645, 271, 745
-676, 274, 695
-708, 257, 635
-708, 257, 635
-693, 199, 722
-648, 138, 779
-628, 178, 741
-651, 273, 628
-684, 314, 708
-707, 502, 857
-625, 747, 824
-625, 747, 824
-535, 987, 710
-538, 1186, 789
-549, 1368, 750
-479, 1448, 611
-338, 1322, 532
-278, 1062, 614
-315, 832, 836
-324, 557, 831
-284, 69, 927
-284, 69, 927
-164, -481, 1009
-83, -1047, 1040
-205, -1464, 1022
-366, -1717, 1129
-,-,-
-642, 190, 570
-657, 178, 1067
-619, 239, 990
-574, 148, 930
-564, 124, 873
-564, 124, 873
-606, 248, 770
-643, 292, 811
-646, 283, 812
-613, 280, 738
-614, 345, 734
-598, 493, 682
-522, 565, 680
-522, 565, 680
-471, 637, 759
-512, 915, 765
-492, 1117, 626
-492, 1150, 614
-498, 1171, 735
-478, 1137, 807
-396, 1001, 762
-361, 762, 841
-405, 595, 906
-405, 595, 906
-378, 252, 865
-328, -154, 904
-207, -635, 887
-239, -995, 911
-411, -1132, 917
-552, -1150, 984
-607, -1133, 1058
-609, -1167, 1000
-,-,-
-803, 166, 831
-725, 183, 757
-647, 176, 677
-656, 95, 701
-706, 68, 824
-680, 154, 623
-680, 154, 623
-643, 230, 612
-645, 396, 715
-637, 565, 645
-619, 750, 573
-567, 906, 566
-561, 1150, 682
-569, 1343, 676
-533, 1317, 575
-533, 1317, 575
-493, 1161, 613
-434, 1014, 665
-339, 826, 713
-312, 595, 843
-366, 349, 938
-411, 122, 943
-350, -82, 943
-308, -443, 973
-437, -849, 890
-437, -849, 890
-551, -1176, 1064
-545, -1254, 1304
-508, -1227, 969
-508, -1227, 969
-590, -1053, 821
-658, -824, 800
-633, -712, 752
-,-,-
-636, 350, 259
-650, 202, 589
-670, 120, 722
-718, 134, 783
-663, 160, 696
-659, 201, 603
-659, 201, 603
-698, 185, 689
-687, 145, 766
-660, 265, 721
-627, 465, 667
-599, 697, 646
-605, 927, 706
-595, 1079, 756
-584, 1288, 710
-584, 1288, 710
-528, 1442, 544
-478, 1357, 494
-419, 1132, 515
-351, 874, 638
-294, 741, 678
-273, 470, 875
-301, 158, 898
-397, -129, 991
-364, -377, 980
-371, -641, 989
-371, -641, 989
-397, -934, 1025
-487, -1078, 1026
-604, -1139, 943
-708, -1194, 1048
-640, -1283, 1110
-,-,-
-670, 162, 807
-664, 254, 767
-630, 281, 595
-630, 281, 595
-612, 232, 628
-627, 234, 662
-665, 291, 724
-671, 350, 634
-663, 336, 643
-679, 387, 702
-700, 523, 771
-700, 523, 771
-640, 685, 695
-525, 787, 682
-490, 1009, 757
-575, 1307, 749
-625, 1449, 627
-535, 1328, 590
-422, 1095, 611
-393, 909, 677
-357, 666, 741
-357, 666, 741
-359, 431, 849
-339, 212, 830
-267, -187, 819
-237, -609, 927
-331, -841, 996
-405, -1059, 978
-430, -1305, 1091
-403, -1515, 1015
-438, -1457, 1015
-552, -1281, 1174
-649, -1072, 1131
-,-,-
-743, 86, 768
-737, 90, 768
-658, 118, 740
-619, 221, 677
-619, 221, 677
-664, 232, 751
-690, 176, 873
-672, 242, 742
-633, 352, 614
-600, 447, 606
-595, 551, 725
-599, 760, 724
-599, 760, 724
-571, 979, 640
-549, 1115, 587
-530, 1172, 594
-538, 1199, 626
-546, 1104, 749
-490, 954, 740
-451, 727, 871
-451, 502, 974
-486, 328, 929
-486, 328, 929
-484, 166, 755
-398, -186, 866
-325, -612, 818
-393, -820, 869
-456, -795, 705
-539, -759, 717
-561, -842, 792
-557, -912, 998
-567, -897, 1104
-647, -892, 1164
-681, -1041, 1123
-,-,-
-768, 188, 511
-859, 175, 1077
-686, 208, 703
-602, 166, 671
-631, 121, 722
-667, 119, 859
-667, 119, 859
-680, 220, 845
-634, 311, 639
-679, 305, 639
-690, 219, 706
-702, 254, 771
-682, 297, 737
-646, 403, 659
-646, 403, 659
-667, 571, 623
-709, 720, 728
-674, 884, 744
-597, 997, 738
-515, 1044, 666
-504, 1064, 694
-485, 1005, 697
-417, 927, 661
-417, 927, 661
-400, 855, 806
-370, 685, 865
-361, 528, 899
-415, 314, 873
-457, -4, 798
-430, -355, 892
-388, -596, 902
-392, -825, 888
-392, -825, 888
-499, -1066, 836
-569, -1240, 841
-567, -1325, 1095
-558, -1207, 1285
-584, -1125, 1227
-,-,-
-499, 356, 324
-700, 215, 940
-707, 259, 1000
-707, 259, 1000
-652, 400, 846
-553, 278, 781
-589, 250, 686
-647, 208, 742
-671, 280, 782
-606, 356, 711
-560, 500, 681
-563, 693, 594
-563, 693, 594
-609, 955, 531
-617, 1173, 604
-547, 1320, 550
-496, 1402, 524
-451, 1294, 502
-385, 1152, 575
-370, 1004, 787
-386, 883, 923
-305, 670, 854
-305, 670, 854
-288, 281, 918
-304, -95, 1081
-274, -443, 1163
-269, -826, 1127
-369, -1263, 1059
-463, -1583, 1081
-468, -1689, 1169
-,-,-
-681, 320, 743
-681, 320, 743
-598, 268, 664
-640, 158, 793
-671, 202, 645
-698, 315, 702
-668, 287, 869
-664, 323, 780
-664, 323, 780
-650, 389, 631
-633, 489, 517
-641, 600, 715
-624, 759, 701
-569, 889, 589
-569, 943, 633
-570, 1052, 652
-546, 1161, 549
-546, 1161, 549
-522, 1088, 572
-450, 874, 694
-407, 808, 755
-393, 675, 805
-399, 496, 886
-367, 295, 954
-408, 77, 926
-408, 77, 926
-464, -270, 918
-405, -771, 1006
-361, -1082, 954
-425, -1153, 1017
-499, -1181, 1065
-583, -1110, 1054
-637, -996, 1033
-677, -795, 986
-,-,-
-426, 491, 452
-444, 478, 1203
-454, 942, 755
-361, 784, 905
-361, 784, 905
-396, 594, 1118
-507, 491, 1105
-584, 526, 897
-588, 506, 780
-630, 511, 727
-671, 442, 743
-687, 401, 796
-636, 275, 858
-636, 275, 858
-632, 286, 823
-647, 318, 595
-702, 292, 627
-713, 337, 718
-642, 365, 838
-524, 411, 740
-519, 478, 770
-519, 478, 770
-513, 568, 824
-486, 758, 769
-414, 870, 663
-391, 880, 656
-452, 905, 679
-501, 909, 715
-494, 827, 852
-494, 827, 852
-422, 656, 887
-417, 497, 785
-491, 412, 707
-573, 269, 777
-522, -80, 881
-353, -657, 944
-286, -1018, 949
-338, -1120, 777
-446, -1261, 785
-,-,-
-646, 354, 547
-647, 372, 848
-552, 572, 741
-559, 594, 760
-611, 526, 853
-623, 438, 932
-545, 420, 679
-585, 388, 622
-585, 388, 622
-678, 303, 732
-685, 181, 821
-645, 152, 740
-664, 182, 671
-677, 193, 637
-664, 143, 731
-642, 241, 725
-642, 241, 725
-629, 453, 652
-575, 606, 630
-522, 744, 751
-556, 1025, 881
-572, 1251, 810
-523, 1278, 713
-442, 1176, 655
-396, 1025, 676
-360, 860, 821
-360, 860, 821
-304, 721, 852
-286, 509, 856
-314, 168, 843
-313, -339, 735
-271, -930, 864
-344, -1131, 1321
-485, -1357, 1435
-465, -1847, 1088
-515, -1923, 936
-,-,-
-658, 441, 869
-658, 441, 869
-608, 319, 853
-606, 336, 1016
-566, 449, 899
-517, 447, 885
-516, 414, 893
-540, 499, 700
-560, 623, 650
-560, 623, 650
-543, 734, 664
-528, 824, 744
-545, 948, 746
-547, 993, 724
-519, 1007, 699
-490, 934, 756
-420, 797, 786
-420, 797, 786
-373, 656, 776
-400, 514, 738
-449, 424, 771
-430, 233, 774
-369, -131, 676
-386, -616, 696
-476, -973, 817
-584, -1038, 988
-651, -899, 1110
-703, -836, 1242
-725, -777, 1196
-727, -616, 1029
-,-,-
-444, 636, 401
-444, 636, 401
-495, 785, 798
-408, 841, 998
-401, 917, 968
-425, 774, 945
-525, 646, 955
-625, 659, 884
-635, 623, 801
-635, 623, 801
-610, 507, 650
-633, 337, 759
-646, 271, 891
-633, 292, 793
-626, 315, 670
-654, 356, 614
-629, 337, 700
-629, 337, 700
-608, 457, 723
-546, 571, 645
-481, 686, 618
-468, 828, 677
-497, 989, 768
-483, 1103, 678
-401, 1033, 618
-381, 957, 694
-381, 957, 694
-385, 907, 853
-321, 794, 896
-242, 557, 818
-305, 356, 820
-511, 239, 851
-610, 4, 815
-610, 4, 815
-464, -587, 931
-335, -1102, 963
-336, -1324, 1028
-495, -1176, 1049
-664, -949, 1031
-722, -854, 1101
-659, -747, 1099
-,-,-
-592, 449, 216
-676, 648, 804
-580, 728, 877
-516, 522, 1018
-544, 464, 1082
-597, 445, 1040
-628, 446, 926
-628, 446, 926
-652, 397, 818
-669, 343, 721
-663, 271, 713
-642, 276, 808
-646, 331, 732
-655, 347, 747
-666, 348, 710
-666, 348, 710
-656, 367, 763
-619, 490, 658
-609, 576, 766
-538, 596, 756
-477, 613, 736
-439, 650, 706
-470, 758, 660
-470, 758, 660
-459, 749, 740
-406, 721, 844
-419, 786, 871
-488, 823, 784
-465, 606, 924
-394, 449, 925
-395, 299, 869
-395, 299, 869
-395, -63, 746
-398, -530, 683
-390, -955, 857
-367, -1337, 930
-350, -1518, 907
-488, -1326, 980
-678, -951, 1040
-787, -613, 1073
-777, -534, 1043
-749, -653, 1081
-715, -793, 1013
-,-,-
-598, 387, 615
-609, 383, 949
-610, 454, 789
-632, 358, 767
-632, 358, 767
-609, 296, 679
-644, 300, 872
-657, 375, 786
-666, 297, 705
-675, 185, 703
-673, 177, 719
-662, 323, 683
-662, 323, 683
-616, 428, 712
-616, 613, 697
-625, 780, 770
-557, 963, 645
-517, 1150, 631
-491, 1162, 637
-423, 1045, 554
-340, 904, 519
-340, 904, 519
-315, 806, 644
-342, 740, 806
-359, 547, 913
-345, 311, 852
-391, 60, 853
-445, -260, 911
-433, -676, 1009
-386, -1027, 994
-386, -1027, 994
-414, -1270, 959
-528, -1358, 1038
-735, -1077, 946
-735, -1077, 946
-724, -1017, 1043
-,-,-
-574, 326, 120
-619, 322, 1239
-532, 524, 908
-467, 471, 856
-467, 471, 856
-485, 387, 774
-568, 425, 693
-656, 493, 635
-672, 451, 591
-679, 369, 672
-688, 282, 772
-707, 280, 811
-707, 280, 811
-714, 273, 761
-690, 319, 700
-679, 283, 786
-673, 401, 874
-626, 542, 814
-496, 645, 584
-476, 718, 678
-476, 718, 678
-505, 928, 659
-480, 1076, 500
-439, 1006, 507
-429, 966, 635
-452, 1051, 788
-469, 962, 841
-477, 721, 870
-414, 441, 910
-414, 441, 910
-297, 133, 910
-275, -381, 818
-333, -945, 595
-336, -1348, 823
-457, -1274, 1199
-566, -1309, 1206
-,-,-
-580, 315, 398
-580, 315, 398
-624, 120, 893
-636, 221, 946
-601, 315, 1000
-546, 351, 787
-597, 325, 844
-650, 288, 921
-599, 285, 857
-599, 285, 857
-526, 334, 758
-536, 449, 806
-549, 691, 686
-525, 813, 674
-509, 969, 784
-488, 1170, 761
-449, 1220, 616
-416, 1047, 527
-416, 1047, 527
-392, 893, 548
-401, 879, 750
-362, 785, 812
-287, 439, 887
-337, 147, 878
-424, -29, 933
-451, -129, 911
-409, -512, 849
-409, -512, 849
-472, -925, 829
-519, -1227, 914
-541, -1339, 1051
-560, -1374, 1112
-633, -1358, 1123
-,-,-
-561, 336, 514
-561, 336, 514
-659, 271, 1100
-597, 308, 829
-514, 189, 726
-571, 264, 771
-644, 283, 821
-724, 324, 722
-715, 277, 585
-715, 157, 828
-715, 157, 828
-669, 158, 785
-663, 223, 866
-644, 226, 846
-650, 407, 607
-654, 530, 625
-600, 666, 708
-536, 833, 745
-536, 833, 745
-513, 992, 676
-506, 1068, 668
-481, 1034, 689
-444, 949, 734
-432, 842, 788
-426, 701, 804
-401, 506, 861
-411, 351, 862
-411, 351, 862
-383, 223, 758
-391, 8, 717
-474, -267, 822
-505, -609, 739
-480, -918, 818
-523, -1193, 1004
-652, -1241, 1090
-,-,-
-749, 368, 995
-749, 368, 995
-612, 424, 861
-549, 430, 718
-583, 297, 816
-599, 188, 845
-614, 163, 867
-581, 290, 685
-573, 461, 577
-573, 461, 577
-608, 506, 706
-621, 602, 713
-597, 724, 636
-529, 788, 660
-512, 839, 802
-518, 997, 765
-486, 1097, 639
-434, 1046, 664
-434, 1046, 664
-493, 1087, 790
-480, 1022, 819
-355, 704, 876
-306, 412, 880
-348, 225, 803
-418, -151, 745
-395, -648, 760
-353, -1123, 1032
-443, -1421, 1161
-578, -1570, 1217
-658, -1607, 1295
-,-,-
-604, 532, 580
-607, 430, 508
-634, 231, 827
-585, 137, 942
-585, 137, 942
-569, 267, 891
-562, 328, 767
-622, 325, 720
-671, 387, 681
-644, 436, 676
-582, 529, 721
-538, 639, 776
-538, 639, 776
-511, 859, 700
-490, 1092, 641
-503, 1250, 655
-547, 1377, 768
-480, 1380, 767
-349, 1166, 774
-316, 945, 852
-290, 782, 891
-261, 618, 931
-261, 618, 931
-267, 351, 965
-259, -33, 1048
-233, -470, 1015
-255, -977, 934
-247, -1605, 1045
-246, -1930, 1109
-,-,-
-542, 319, 125
-625, 260, 50
-708, 107, 1200
-660, 278, 1246
-500, 404, 774
-528, 357, 638
-598, 371, 677
-598, 371, 677
-624, 362, 815
-616, 383, 752
-611, 333, 659
-632, 253, 707
-636, 208, 800
-629, 269, 827
-606, 416, 793
-606, 416, 793
-612, 522, 815
-595, 657, 894
-527, 897, 785
-474, 1122, 722
-465, 1179, 760
-415, 1154, 681
-359, 1077, 717
-350, 998, 810
-304, 800, 919
-304, 800, 919
-275, 500, 1006
-299, 191, 935
-337, -198, 795
-280, -723, 777
-288, -1046, 910
-405, -1201, 1032
-539, -1424, 1146
-,-,-
-636, 241, 749
-614, 271, 844
-566, 258, 836
-583, 200, 913
-646, 244, 818
-688, 277, 745
-688, 277, 745
-663, 262, 702
-619, 266, 718
-607, 293, 749
-617, 346, 773
-621, 462, 741
-590, 595, 648
-555, 738, 732
-555, 738, 732
-498, 870, 821
-489, 1093, 820
-470, 1264, 686
-453, 1194, 699
-465, 1100, 747
-392, 919, 820
-299, 705, 830
-323, 463, 886
-368, 152, 880
-368, 152, 880
-303, -270, 957
-185, -629, 928
-208, -981, 830
-418, -1060, 849
-559, -1032, 1066
-554, -1212, 1186
-479, -1547, 1193
-,-,-
-589, 581, 325
-604, 447, 648
-567, 388, 1089
-546, 440, 947
-516, 341, 757
-549, 293, 598
-631, 302, 783
-660, 282, 876
-660, 282, 876
-625, 256, 762
-617, 161, 637
-663, 94, 808
-655, 129, 825
-618, 204, 738
-590, 247, 649
-590, 247, 719
-617, 331, 719
-629, 534, 781
-600, 782, 743
-532, 988, 665
-474, 1085, 671
-485, 1131, 686
-486, 1175, 660
-427, 1144, 662
-365, 990, 706
-365, 990, 706
-328, 724, 856
-304, 525, 901
-293, 310, 946
-292, 85, 949
-273, -252, 980
-238, -631, 946
-271, -956, 899
-393, -1176, 987
-468, -1307, 1108
-467, -1422, 1039
-,-,-
-535, 305, 782
-576, 266, 985
-563, 356, 762
-563, 356, 762
-572, 461, 839
-502, 456, 849
-494, 400, 853
-574, 424, 892
-637, 428, 826
-631, 377, 611
-655, 347, 641
-655, 347, 641
-632, 241, 776
-613, 194, 920
-583, 181, 811
-608, 207, 712
-643, 256, 747
-624, 353, 815
-566, 353, 749
-566, 538, 749
-496, 665, 739
-490, 756, 819
-514, 948, 803
-489, 1152, 681
-438, 1211, 596
-427, 1070, 672
-355, 880, 789
-260, 717, 865
-260, 717, 865
-262, 524, 888
-275, 185, 822
-284, -209, 747
-336, -590, 806
-361, -965, 867
-338, -1303, 897
-383, -1541, 1021
-519, -1508, 1168
-609, -1321, 1126
-673, -1101, 1132
-,-,-
-610, 360, 314
-694, 277, 937
-611, 438, 693
-628, 370, 839
-657, 283, 973
-650, 237, 897
-611, 293, 663
-611, 293, 663
-629, 286, 659
-675, 226, 700
-685, 157, 819
-659, 190, 725
-633, 253, 628
-654, 260, 753
-661, 326, 733
-661, 326, 733
-661, 455, 722
-625, 624, 662
-571, 753, 653
-504, 874, 693
-501, 990, 710
-512, 1072, 576
-529, 1141, 603
-470, 1078, 712
-470, 1078, 712
-392, 912, 756
-411, 799, 823
-371, 650, 921
-269, 407, 917
-248, 85, 902
-292, -221, 928
-301, -504, 1121
-293, -690, 1087
-327, -1015, 975
-430, -1249, 881
-475, -1348, 886
-486, -1435, 1040
-459, -1568, 1260
-,-,-
-687, 697, 728
-586, 623, 740
-586, 422, 696
-596, 288, 782
-632, 282, 768
-652, 228, 846
-597, 128, 744
-597, 128, 744
-606, 41, 731
-665, 37, 866
-670, 126, 799
-636, 244, 691
-620, 326, 706
-617, 493, 749
-617, 493, 749
-608, 680, 805
-509, 857, 669
-468, 979, 717
-462, 1106, 692
-453, 1171, 634
-439, 1173, 624
-382, 1035, 728
-347, 847, 808
-321, 637, 847
-321, 637, 847
-291, 429, 851
-264, 203, 861
-280, -153, 842
-389, -618, 787
-438, -1003, 870
-487, -1184, 1102
-658, -1212, 1265
-,-,-
-542, 415, 454
-659, 352, 799
-617, 327, 966
-617, 327, 966
-585, 288, 897
-547, 210, 802
-575, 143, 792
-634, 139, 946
-643, 169, 918
-643, 224, 723
-699, 220, 711
-699, 220, 711
-679, 134, 781
-651, 132, 845
-600, 173, 817
-575, 251, 769
-583, 344, 646
-569, 429, 819
-550, 670, 818
-550, 670, 818
-496, 855, 796
-459, 963, 760
-453, 1046, 768
-432, 1134, 770
-385, 1094, 772
-340, 930, 799
-320, 740, 813
-313, 596, 850
-313, 596, 850
-306, 418, 905
-301, 101, 911
-360, -228, 801
-417, -538, 792
-457, -746, 917
-469, -982, 1018
-529, -1167, 1036
-586, -1268, 992
-599, -1342, 1030
-553, -1420, 1103
-,-,-
-655, 241, 708
-655, 241, 708
-685, 289, 949
-582, 254, 776
-582, 237, 750
-631, 232, 763
-668, 241, 775
-658, 247, 700
-658, 247, 700
-641, 237, 621
-655, 217, 687
-681, 234, 750
-668, 281, 798
-617, 363, 664
-612, 406, 701
-595, 511, 706
-595, 511, 706
-564, 670, 773
-533, 846, 754
-514, 921, 793
-476, 1016, 717
-396, 1079, 691
-364, 1088, 658
-371, 978, 751
-345, 816, 805
-310, 749, 760
-310, 749, 760
-271, 537, 773
-273, 267, 827
-366, -1, 947
-432, -227, 878
-410, -596, 822
-418, -1136, 1029
-515, -1359, 1192
-604, -1388, 1148
-669, -1471, 1355
-,-,-
-592, 339, 520
-592, 339, 520
-620, 225, 765
-627, 167, 973
-629, 279, 895
-614, 355, 703
-634, 284, 664
-672, 206, 817
-652, 191, 749
-652, 191, 749
-635, 248, 607
-653, 192, 695
-682, 195, 695
-685, 249, 772
-642, 264, 718
-651, 312, 739
-651, 312, 684
-677, 363, 684
-643, 445, 625
-579, 585, 691
-516, 710, 760
-490, 832, 761
-469, 972, 719
-486, 1219, 672
-460, 1339, 674
-460, 1339, 674
-447, 1319, 704
-381, 1148, 833
-310, 925, 1017
-227, 710, 1019
-120, 286, 841
-182, -282, 759
-222, -866, 794
-274, -1378, 985
-327, -1762, 1182
-454, -1848, 1164
-,-,-
-469, 653, -13
-519, 396, 326
-557, 210, 1026
-608, 264, 1237
-548, 423, 894
-484, 298, 913
-552, 202, 1020
-621, 202, 1101
-621, 172, 1101
-611, 205, 902
-590, 188, 793
-618, 172, 858
-632, 143, 930
-621, 235, 883
-533, 336, 584
-547, 329, 692
-547, 329, 692
-551, 399, 793
-539, 549, 794
-476, 776, 564
-500, 875, 769
-508, 931, 813
-523, 988, 728
-467, 920, 660
-467, 920, 660
-399, 854, 705
-359, 817, 794
-376, 779, 848
-398, 750, 921
-401, 645, 998
-375, 554, 854
-397, 247, 841
-397, 247, 841
-372, -246, 769
-282, -795, 759
-,-,-
-663, 424, 531
-675, 313, 694
-680, 190, 702
-701, 143, 895
-658, 115, 913
-619, 189, 633
-619, 189, 633
-671, 155, 773
-665, 98, 830
-651, 172, 742
-627, 170, 823
-600, 181, 809
-615, 265, 642
-615, 265, 642
-656, 298, 629
-675, 279, 617
-667, 275, 807
-614, 364, 734
-563, 489, 667
-579, 541, 784
-591, 633, 959
-591, 633, 959
-559, 771, 865
-498, 926, 711
-480, 969, 679
-460, 916, 686
-439, 908, 703
-376, 949, 727
-399, 906, 866
-399, 906, 866
-411, 705, 976
-328, 413, 978
-287, 187, 872
-306, -189, 835
-366, -810, 705
-392, -1492, 784
-,-,-
-569, 372, 430
-653, 407, 672
-625, 262, 718
-633, 145, 857
-635, 212, 946
-577, 306, 799
-577, 306, 799
-565, 310, 794
-584, 264, 800
-619, 307, 694
-622, 348, 643
-630, 344, 641
-656, 333, 696
-660, 347, 696
-660, 347, 696
-655, 261, 768
-653, 219, 805
-676, 238, 747
-669, 191, 692
-674, 192, 653
-657, 203, 707
-642, 222, 759
-642, 222, 759
-643, 307, 803
-616, 376, 781
-516, 456, 684
-499, 650, 744
-470, 943, 735
-434, 1150, 686
-453, 1375, 633
-517, 1525, 785
-517, 1525, 785
-458, 1454, 959
-296, 1173, 969
-157, 787, 872
-117, 385, 820
-183, 37, 877
-259, -408, 901
-215, -1227, 986
-188, -1917, 1124
-282, -1998, 1395
-,-,-
-724, 223, 893
-724, 223, 893
-629, 142, 958
-546, 180, 860
-564, 211, 807
-646, 212, 769
-679, 162, 850
-630, 157, 798
-604, 216, 737
-604, 216, 737
-639, 226, 769
-676, 129, 875
-685, 121, 813
-669, 176, 744
-643, 179, 699
-645, 238, 646
-676, 242, 734
-676, 242, 734
-627, 154, 798
-588, 136, 839
-592, 215, 768
-594, 306, 724
-605, 377, 736
-575, 471, 792
-510, 638, 762
-510, 638, 762
-496, 854, 781
-537, 1088, 869
-509, 1269, 798
-372, 1306, 683
-310, 1218, 745
-327, 1139, 887
-282, 954, 969
-170, 742, 900
-142, 404, 886
-142, 404, 886
-166, -148, 964
-,-,-
-581, 569, 827
-589, 346, 1036
-589, 346, 1036
-563, 243, 1092
-555, 357, 850
-553, 288, 689
-636, 212, 884
-642, 120, 969
-578, 198, 760
-574, 225, 778
-655, 263, 819
-655, 263, 819
-671, 217, 882
-619, 234, 750
-598, 246, 727
-584, 272, 745
-596, 395, 779
-568, 536, 699
-526, 711, 683
-526, 711, 683
-508, 781, 821
-491, 871, 829
-511, 991, 792
-494, 1088, 730
-463, 1073, 785
-417, 925, 905
-349, 703, 889
-308, 579, 811
-308, 579, 811
-358, 570, 857
-315, 331, 872
-229, -91, 852
-268, -453, 833
-405, -796, 831
-412, -1393, 891
-388, -1879, 1143
-441, -1832, 1255
-512, -1493, 1122
-,-,-
-382, 723, 417
-382, 723, 417
-467, 371, 1304
-476, 333, 1209
-413, 384, 810
-435, 289, 852
-528, 199, 1045
-615, 221, 909
-603, 124, 869
-587, 8, 909
-587, 8, 909
-617, 119, 782
-639, 102, 753
-645, 77, 701
-628, 84, 763
-628, 84, 763
-596, 9, 802
-597, 54, 790
-599, 155, 754
-627, 205, 814
-619, 357, 777
-619, 357, 777
-592, 476, 838
-555, 546, 925
-517, 658, 909
-460, 750, 867
-423, 904, 712
-408, 963, 678
-421, 965, 856
-421, 965, 856
-406, 986, 877
-369, 957, 812
-352, 748, 852
-310, 480, 805
-324, 249, 874
-338, 11, 778
-350, -514, 682
-350, -514, 682
-238, -1191, 800
-286, -1520, 1086
-423, -1366, 1173
-576, -1130, 1318
-,-,-
-617, 352, 333
-717, 236, 1235
-674, 413, 990
-539, 449, 559
-562, 250, 761
-562, 250, 761
-609, 169, 1035
-667, 284, 991
-643, 295, 766
-656, 191, 741
-700, 128, 823
-703, 118, 930
-683, 102, 803
-659, 138, 658
-659, 138, 658
-669, 82, 697
-636, 57, 754
-635, 164, 811
-564, 269, 724
-528, 444, 648
-603, 613, 803
-603, 613, 803
-593, 731, 838
-499, 842, 754
-449, 905, 787
-449, 908, 737
-425, 841, 721
-347, 724, 764
-308, 628, 869
-308, 628, 869
-352, 630, 946
-383, 504, 935
-388, 254, 869
-408, -48, 825
-422, -422, 851
-402, -850, 845
-358, -1412, 842
-427, -1690, 1025
-603, -1609, 1235
-729, -1336, 1230
-,-,-
-692, 181, 997
-692, 181, 997
-631, 257, 858
-627, 131, 709
-693, 74, 740
-681, 11, 875
-621, 61, 853
-621, 61, 853
-602, 119, 773
-652, 109, 762
-689, 123, 762
-688, 204, 746
-642, 300, 703
-610, 438, 678
-625, 569, 653
-625, 569, 653
-660, 799, 684
-627, 962, 746
-529, 1058, 741
-486, 1047, 787
-469, 997, 752
-438, 907, 778
-381, 863, 781
-381, 863, 781
-334, 667, 778
-311, 391, 823
-320, 159, 904
-356, 103, 854
-381, -87, 846
-486, -486, 916
-496, -1090, 1030
-432, -1580, 1108
-478, -1681, 1156
-625, -1501, 1289
-,-,-
-694, 358, 625
-694, 358, 625
-655, 206, 641
-651, 21, 977
-668, 75, 908
-702, 175, 808
-694, 184, 669
-700, 166, 691
-700, 166, 691
-686, 95, 786
-661, 101, 812
-638, 209, 634
-606, 364, 473
-655, 409, 664
-628, 468, 775
-628, 468, 775
-643, 693, 791
-579, 786, 731
-567, 847, 662
-603, 881, 897
-571, 947, 910
-448, 947, 672
-407, 823, 681
-407, 823, 681
-437, 728, 870
-408, 635, 963
-335, 511, 831
-288, 159, 740
-385, -154, 846
-509, -408, 923
-423, -908, 933
-399, -1391, 864
-627, -1633, 871
-,-,-
-524, 305, 385
-549, 292, 721
-549, 292, 721
-522, 315, 800
-579, 241, 885
-644, 204, 922
-618, 195, 740
-666, 142, 802
-719, 129, 849
-746, 89, 832
-746, 89, 832
-734, 80, 744
-737, 145, 729
-705, 190, 748
-616, 231, 723
-536, 273, 764
-507, 478, 783
-507, 478, 783
-519, 697, 727
-567, 848, 825
-572, 954, 925
-537, 1088, 898
-537, 1071, 906
-540, 949, 865
-488, 732, 824
-488, 732, 813
-391, 531, 813
-287, 263, 770
-274, -10, 802
-403, -113, 840
-504, -222, 773
-485, -568, 657
-485, -928, 688
-548, -1049, 850
-574, -1213, 1114
-600, -1412, 1158
-,-,-
-650, 442, 555
-679, 585, 370
-660, 393, 627
-700, 232, 953
-692, 343, 801
-622, 280, 614
-682, 204, 842
-719, 169, 874
-719, 169, 874
-692, 205, 653
-687, 191, 631
-695, 156, 684
-700, 199, 718
-685, 260, 631
-674, 339, 679
-679, 475, 704
-679, 475, 704
-647, 545, 762
-634, 750, 787
-617, 924, 746
-614, 1026, 650
-589, 993, 678
-544, 932, 749
-496, 832, 770
-496, 832, 770
-472, 695, 818
-439, 522, 815
-453, 388, 782
-473, 126, 825
-470, -211, 890
-428, -585, 904
-446, -831, 897
-,-,-
-658, 375, 762
-658, 375, 762
-690, 383, 639
-706, 259, 756
-694, 163, 944
-641, 257, 826
-598, 234, 707
-648, 195, 744
-676, 146, 790
-676, 146, 790
-660, 188, 706
-642, 217, 646
-647, 258, 648
-671, 310, 675
-679, 329, 708
-671, 418, 713
-659, 478, 689
-659, 478, 689
-621, 522, 625
-566, 576, 675
-571, 716, 816
-587, 873, 788
-579, 967, 642
-518, 913, 586
-496, 824, 712
-496, 824, 712
-531, 837, 830
-516, 751, 829
-468, 475, 827
-432, 108, 796
-405, -216, 798
-427, -483, 805
-525, -814, 907
-589, -1117, 965
-,-,-
-658, 203, 680
-658, 203, 680
-672, 251, 738
-656, 148, 797
-666, 103, 817
-704, 173, 767
-709, 272, 666
-699, 263, 753
-671, 236, 752
-671, 236, 752
-696, 264, 811
-712, 344, 758
-680, 429, 610
-661, 428, 649
-649, 480, 730
-627, 659, 753
-572, 776, 672
-572, 776, 672
-555, 816, 632
-588, 915, 606
-604, 1006, 668
-538, 927, 747
-471, 711, 831
-516, 623, 890
-534, 535, 885
-534, 535, 885
-516, 228, 982
-448, -67, 966
-396, -307, 945
-372, -686, 909
-471, -1033, 763
-600, -1223, 720
-,-,-
-678, 266, 476
-758, 272, 888
-683, 246, 708
-683, 246, 708
-653, 188, 703
-703, 177, 782
-727, 250, 731
-711, 296, 640
-697, 270, 716
-710, 253, 751
-739, 337, 640
-739, 337, 640
-744, 338, 662
-719, 421, 579
-720, 490, 610
-687, 524, 724
-629, 599, 754
-552, 721, 700
-545, 878, 596
-545, 878, 596
-555, 988, 515
-559, 1011, 566
-579, 1023, 654
-588, 967, 692
-568, 790, 678
-528, 507, 689
-528, 213, 800
-497, -82, 844
-497, -82, 844
-420, -474, 953
-345, -924, 1014
-340, -1172, 822
-,-,-
-565, 430, 168
-715, 617, 213
-673, 380, 833
-668, 319, 1112
-656, 461, 800
-632, 423, 606
-659, 314, 815
-661, 205, 1046
-678, 287, 806
-678, 287, 806
-691, 270, 603
-724, 212, 574
-730, 212, 611
-701, 202, 644
-676, 245, 613
-710, 277, 624
-742, 348, 691
-742, 348, 691
-717, 480, 752
-632, 648, 655
-605, 712, 757
-612, 771, 775
-607, 878, 675
-584, 949, 617
-610, 931, 700
-610, 931, 700
-590, 825, 791
-511, 673, 779
-475, 555, 804
-436, 351, 777
-404, 80, 743
-407, -165, 630
-407, -165, 630
-471, -393, 586
-489, -788, 560
-510, -1141, 775
-,-,-
-612, 488, 255
-637, 501, 1167
-545, 441, 1153
-488, 391, 1157
-439, 276, 1083
-551, 320, 1109
-664, 374, 972
-664, 374, 972
-715, 328, 897
-666, 242, 710
-699, 257, 695
-759, 287, 728
-781, 259, 783
-709, 224, 638
-662, 255, 582
-662, 255, 582
-664, 262, 698
-653, 353, 726
-590, 435, 630
-527, 532, 541
-557, 653, 621
-605, 852, 707
-605, 852, 707
-656, 1016, 661
-608, 1031, 603
-544, 894, 714
-507, 791, 861
-452, 634, 816
-361, 402, 786
-373, 253, 961
-385, 117, 876
-385, 117, 876
-386, -228, 937
-416, -560, 934
-531, -671, 955
-604, -722, 889
-691, -907, 883
-,-,-
-589, 563, 40
-673, 605, 425
-605, 463, 1072
-619, 522, 936
-623, 447, 807
-693, 415, 757
-744, 416, 837
-689, 361, 746
-689, 361, 746
-625, 235, 802
-613, 132, 804
-650, 179, 708
-678, 145, 726
-717, 191, 662
-703, 234, 651
-664, 223, 693
-664, 223, 693
-651, 320, 729
-635, 440, 676
-655, 644, 570
-706, 832, 667
-678, 989, 697
-573, 1005, 806
-495, 952, 757
-495, 952, 757
-501, 880, 664
-498, 785, 633
-472, 644, 740
-401, 516, 631
-372, 315, 668
-318, 18, 782
-335, -183, 839
-335, -183, 839
-446, -398, 746
-593, -687, 753
-624, -1117, 1202
-668, -1384, 1585
-,-,-
-712, 320, 360
-779, 355, 437
-744, 250, 690
-744, 250, 690
-742, 173, 755
-725, 161, 631
-717, 154, 588
-749, 120, 845
-780, 159, 729
-785, 148, 595
-804, 83, 619
-804, 83, 619
-793, 85, 608
-795, 133, 669
-780, 203, 517
-775, 239, 504
-795, 250, 603
-769, 301, 668
-769, 301, 668
-734, 471, 596
-721, 635, 559
-732, 717, 666
-702, 778, 771
-637, 927, 702
-566, 1053, 620
-575, 1093, 670
-588, 1063, 690
-588, 1063, 690
-541, 1022, 687
-463, 826, 757
-366, 414, 900
-326, 62, 863
-351, -322, 729
-382, -856, 637
-424, -1415, 958
-508, -1597, 1143
-625, -1529, 1193
-757, -1431, 1134
-879, -1254, 1116
-,-,-
-631, 263, 323
-665, 344, 805
-678, 293, 735
-721, 240, 754
-712, 247, 793
-677, 300, 885
-677, 300, 885
-681, 324, 877
-704, 284, 774
-734, 231, 744
-740, 232, 702
-724, 273, 727
-680, 307, 581
-724, 371, 461
-724, 371, 461
-795, 372, 606
-776, 384, 816
-722, 510, 745
-661, 587, 680
-637, 611, 769
-613, 691, 767
-569, 894, 600
-569, 894, 600
-587, 1083, 571
-627, 1074, 648
-572, 886, 777
-481, 715, 812
-438, 504, 818
-366, -6, 736
-343, -602, 655
-343, -602, 655
-273, -1279, 700
-362, -1526, 882
-578, -1568, 1100
-,-,-
-671, 236, 212
-813, 276, 853
-731, 273, 813
-634, 273, 939
-634, 148, 939
-617, 3, 865
-678, -2, 765
-710, 1, 697
-735, 96, 650
-735, 96, 650
-734, 112, 569
-767, 70, 635
-768, 26, 764
-742, 86, 705
-693, 161, 568
-693, 161, 568
-732, 299, 611
-752, 424, 619
-729, 539, 632
-707, 710, 647
-688, 791, 718
-645, 835, 711
-596, 892, 652
-596, 892, 652
-566, 929, 620
-577, 950, 729
-563, 974, 737
-513, 921, 682
-488, 697, 815
-481, 541, 817
-468, 359, 805
-468, 359, 805
-496, 94, 769
-504, -412, 865
-459, -1011, 985
-470, -1593, 1119
-588, -1798, 1148
-,-,-
-724, 41, 383
-740, 94, 431
-755, 52, 720
-741, 5, 741
-741, 5, 741
-764, 65, 755
-730, 79, 551
-781, 137, 605
-779, 124, 741
-785, 186, 772
-785, 186, 772
-756, 243, 607
-761, 258, 610
-787, 305, 804
-799, 554, 754
-754, 773, 618
-730, 877, 723
-674, 921, 861
-674, 921, 861
-556, 956, 735
-477, 920, 612
-485, 801, 661
-503, 725, 695
-498, 638, 738
-448, 493, 727
-403, 149, 777
-403, 149, 777
-451, -159, 935
-513, -281, 929
-536, -338, 833
-576, -636, 831
-579, -1077, 838
-590, -1336, 819
-598, -1409, 1007
-,-,-
-556, 187, 230
-753, 287, 858
-717, 145, 973
-694, 122, 897
-715, 79, 783
-715, 79, 783
-753, 163, 611
-743, 198, 607
-738, 173, 890
-724, 255, 868
-717, 276, 790
-743, 332, 680
-743, 332, 680
-743, 426, 578
-699, 483, 528
-701, 551, 646
-705, 642, 734
-682, 694, 752
-640, 746, 687
-630, 767, 743
-630, 767, 743
-629, 729, 859
-603, 641, 731
-592, 544, 614
-617, 489, 657
-584, 369, 789
-561, 178, 822
-555, -13, 723
-555, -13, 723
-559, -173, 585
-582, -246, 572
-624, -398, 594
-616, -702, 526
-571, -1009, 584
-,-,-
-677, 296, 6
-792, 161, 614
-788, 93, 669
-734, 63, 450
-732, 35, 529
-732, 35, 529
-768, 23, 706
-786, 1, 652
-771, 21, 483
-784, 35, 516
-784, 35, 516
-791, 61, 651
-794, 112, 584
-786, 119, 497
-795, 95, 545
-788, 121, 686
-769, 254, 623
-769, 254, 623
-777, 442, 603
-752, 525, 532
-747, 553, 611
-751, 743, 614
-750, 989, 670
-696, 1071, 701
-678, 1051, 684
-678, 1051, 684
-663, 1009, 710
-604, 875, 790
-570, 718, 851
-542, 554, 844
-467, 206, 804
-477, -132, 747
-441, -570, 740
-411, -941, 717
-510, -1147, 811
-665, -1197, 834
-771, -1198, 856
-753, -1292, 912
-705, -1382, 928
-,-,-
-793, 151, 422
-755, 143, 783
-761, 166, 725
-764, 197, 575
-771, 111, 599
-771, 111, 599
-793, 77, 802
-784, 81, 823
-768, 121, 589
-800, 123, 551
-803, 82, 561
-815, 66, 729
-815, 66, 729
-763, 75, 595
-747, 138, 607
-771, 204, 604
-790, 248, 636
-783, 361, 619
-783, 361, 619
-721, 475, 616
-697, 623, 660
-731, 848, 719
-721, 1011, 694
-711, 1141, 763
-677, 1167, 787
-605, 1044, 777
-484, 788, 826
-449, 588, 941
-449, 588, 941
-442, 422, 877
-394, 69, 673
-425, -481, 474
-416, -1101, 507
-412, -1525, 762
-524, -1669, 928
-,-,-
-665, 368, 531
-651, 379, 535
-602, 289, 575
-659, 237, 911
-659, 237, 911
-675, 262, 864
-714, 246, 762
-801, 249, 655
-836, 205, 583
-830, 88, 737
-832, 73, 787
-832, 73, 787
-834, 106, 675
-832, 87, 590
-823, 96, 568
-784, 51, 604
-756, 89, 581
-756, 89, 581
-751, 144, 571
-751, 153, 558
-739, 169, 576
-727, 303, 519
-726, 445, 515
-723, 607, 626
-723, 607, 626
-703, 817, 742
-685, 1044, 670
-686, 1120, 771
-629, 1121, 782
-530, 1119, 704
-514, 1047, 603
-528, 890, 671
-495, 586, 845
-444, 251, 777
-444, 251, 777
-372, -198, 732
-391, -679, 798
-493, -986, 812
-569, -1268, 889
-628, -1529, 1033
-,-,-
-740, 477, 558
-740, 477, 558
-732, 424, 564
-743, 265, 994
-707, 151, 994
-660, 170, 691
-710, 147, 692
-754, 124, 801
-754, 124, 801
-768, 144, 787
-744, 149, 639
-779, 206, 646
-765, 178, 699
-737, 184, 690
-691, 176, 630
-651, 249, 619
-651, 249, 619
-681, 410, 611
-696, 539, 804
-699, 787, 806
-712, 1003, 781
-735, 1156, 797
-678, 1095, 772
-591, 965, 737
-545, 797, 695
-513, 630, 670
-513, 630, 670
-465, 456, 662
-426, 237, 613
-439, -89, 564
-522, -472, 627
-517, -756, 680
-475, -1066, 756
-648, -1243, 953
-720, -1452, 1035
-,-,-
-764, 175, 363
-772, 164, 628
-772, 164, 628
-694, 50, 871
-720, 21, 804
-743, 59, 571
-748, 94, 606
-756, 140, 701
-756, 140, 701
-749, 158, 762
-748, 205, 629
-777, 212, 618
-789, 208, 709
-772, 285, 625
-755, 332, 570
-763, 313, 691
-763, 313, 691
-767, 378, 772
-697, 436, 676
-644, 520, 588
-693, 572, 679
-755, 687, 642
-752, 816, 624
-692, 874, 612
-692, 874, 612
-705, 843, 735
-709, 755, 792
-690, 629, 833
-588, 466, 744
-512, 158, 741
-522, -98, 766
-526, -422, 798
-526, -422, 798
-545, -831, 820
-521, -1381, 839
-,-,-
-778, 108, 303
-826, 6, 825
-826, 6, 825
-745, 21, 623
-669, 30, 559
-688, 92, 660
-716, 185, 754
-732, 210, 672
-732, 210, 672
-765, 239, 558
-760, 211, 632
-738, 190, 794
-756, 240, 813
-780, 253, 784
-792, 189, 743
-804, 215, 715
-804, 215, 715
-789, 342, 734
-721, 492, 762
-684, 627, 722
-699, 805, 732
-669, 913, 676
-613, 945, 673
-567, 875, 629
-567, 875, 629
-549, 707, 623
-536, 524, 609
-536, 401, 631
-561, 227, 746
-578, -96, 857
-569, -403, 736
-,-,-
-677, 153, 32
-820, 86, 1001
-820, 86, 1001
-743, 205, 925
-662, 189, 663
-683, 37, 747
-689, -40, 832
-705, 27, 863
-677, 108, 739
-677, 108, 739
-690, 157, 627
-756, 169, 601
-786, 168, 704
-775, 217, 679
-736, 257, 671
-709, 287, 575
-742, 347, 777
-742, 347, 777
-753, 462, 729
-724, 608, 637
-707, 705, 639
-705, 845, 688
-730, 960, 624
-690, 962, 518
-631, 895, 626
-631, 895, 626
-614, 808, 744
-555, 611, 735
-483, 277, 808
-544, 113, 714
-662, -98, 630
-698, -589, 616
-550, -1254, 734
-517, -1688, 963
-639, -1702, 992
-,-,-
-730, 203, 363
-762, 267, 482
-771, 95, 824
-729, -46, 907
-698, 16, 658
-698, 16, 658
-716, 118, 530
-815, 226, 614
-851, 210, 750
-807, 173, 706
-754, 113, 593
-775, 91, 601
-775, 91, 601
-804, 121, 633
-800, 149, 648
-772, 167, 594
-774, 299, 554
-792, 383, 693
-729, 537, 657
-684, 667, 641
-684, 667, 641
-687, 896, 591
-713, 1034, 615
-693, 1041, 687
-638, 896, 770
-548, 696, 717
-491, 494, 655
-459, 195, 672
-459, 195, 672
-490, -205, 791
-529, -554, 820
-540, -937, 939
-609, -1311, 1009
-,-,-
-778, 132, 445
-780, 140, 868
-746, 113, 726
-751, 42, 749
-783, -8, 802
-783, -8, 802
-767, 19, 686
-781, 84, 727
-779, 99, 693
-759, 107, 642
-767, 147, 657
-767, 147, 657
-771, 265, 683
-760, 377, 701
-703, 478, 694
-713, 660, 595
-745, 773, 724
-724, 844, 831
-634, 888, 704
-634, 888, 704
-543, 796, 638
-627, 793, 702
-642, 764, 685
-530, 625, 626
-462, 377, 614
-484, -22, 605
-484, -22, 605
-432, -597, 600
-436, -848, 909
-591, -791, 1270
-819, -848, 1249
-829, -1228, 898
-,-,-
-736, 225, 207
-803, 211, 675
-753, 47, 949
-694, 79, 761
-694, 79, 761
-665, 172, 643
-733, 186, 671
-789, 197, 673
-777, 147, 684
-737, 166, 528
-752, 231, 523
-775, 239, 629
-775, 239, 629
-787, 331, 619
-764, 374, 585
-756, 414, 654
-718, 506, 616
-688, 533, 714
-657, 607, 739
-670, 710, 619
-670, 710, 619
-672, 779, 532
-676, 789, 696
-647, 772, 825
-660, 791, 855
-697, 915, 697
-616, 808, 837
-616, 808, 843
-577, 531, 843
-458, -511, 696
-414, -1480, 738
